Global Surface Air Temperature Anomaly (C) (Base: 1951-1980)
------------------------------------------------------------
 Year  Annual_Mean 5-year_Mean
--------------------------------
 1880     -0.45         *
 1881     -0.43         *
 1882     -0.35     -0.45
 1883     -0.37     -0.46
 1884     -0.65     -0.51
 1885     -0.51     -0.58
 1886     -0.66     -0.60
 1887     -0.71     -0.52
 1888     -0.50     -0.53
 1889     -0.21     -0.51
 1890     -0.56     -0.47
 1891     -0.58     -0.48
 1892     -0.50     -0.52
 1893     -0.54     -0.48
 1894     -0.43     -0.43
 1895     -0.34     -0.37
 1896     -0.31     -0.33
 1897     -0.20     -0.30
 1898     -0.36     -0.26
 1899     -0.29     -0.22
 1900     -0.13     -0.25
 1901     -0.13     -0.26
 1902     -0.35     -0.31
 1903     -0.41     -0.35
 1904     -0.53     -0.38
 1905     -0.35     -0.41
 1906     -0.24     -0.41
 1907     -0.53     -0.39
 1908     -0.40     -0.39
 1909     -0.41     -0.41
 1910     -0.35     -0.37
 1911     -0.36     -0.36
 1912     -0.35     -0.30
 1913     -0.35     -0.25
 1914     -0.09     -0.24
 1915     -0.09     -0.27
 1916     -0.31     -0.29
 1917     -0.52     -0.31
 1918     -0.43     -0.35
 1919     -0.19     -0.32
 1920     -0.28     -0.26
 1921     -0.17     -0.23
 1922     -0.25     -0.24
 1923     -0.27     -0.24
 1924     -0.24     -0.21
 1925     -0.25     -0.20
 1926     -0.06     -0.17
 1927     -0.19     -0.19
 1928     -0.12     -0.18
 1929     -0.35     -0.19
 1930     -0.16     -0.17
 1931     -0.10     -0.19
 1932     -0.11     -0.14
 1933     -0.25     -0.15
 1934     -0.09     -0.15
 1935     -0.22     -0.13
 1936     -0.09     -0.07
 1937      0.00     -0.07
 1938      0.06     -0.02
 1939     -0.11      0.00
 1940      0.06      0.01
 1941      0.01     -0.01
 1942      0.02      0.02
 1943     -0.03     -0.01
 1944      0.03     -0.03
 1945     -0.11     -0.03
 1946     -0.09     -0.05
 1947      0.03     -0.08
 1948     -0.10     -0.10
 1949     -0.13     -0.10
 1950     -0.23     -0.11
 1951     -0.08     -0.08
 1952     -0.04     -0.08
 1953      0.05     -0.07
 1954     -0.14     -0.10
 1955     -0.14     -0.09
 1956     -0.24     -0.09
 1957      0.02     -0.05
 1958      0.07     -0.03
 1959      0.04      0.04
 1960     -0.02      0.04
 1961      0.08      0.03
 1962      0.02     -0.03
 1963      0.02     -0.06
 1964     -0.25     -0.09
 1965     -0.17     -0.09
 1966     -0.07     -0.12
 1967     -0.01     -0.06
 1968     -0.10     -0.02
 1969      0.02     -0.02
 1970      0.07     -0.02
 1971     -0.07      0.04
 1972     -0.02      0.03
 1973      0.22      0.02
 1974     -0.04      0.00
 1975      0.02      0.05
 1976     -0.17      0.03
 1977      0.22      0.08
 1978      0.14      0.15
 1979      0.20      0.27
 1980      0.34      0.25
 1981      0.44      0.30
 1982      0.14      0.30
 1983      0.39      0.28
 1984      0.22      0.24
 1985      0.20      0.29
 1986      0.26      0.32
 1987      0.41      0.35
 1988      0.52      0.42
 1989      0.38      0.47
 1990      0.53      0.44
 1991      0.53      0.39
 1992      0.24      0.39
 1993      0.27      0.40
 1994      0.39      0.39
 1995      0.57      0.45
 1996      0.49      0.57
 1997      0.55      0.61
 1998      0.84      0.61
 1999      0.60      0.65
 2000      0.57      0.70
 2001      0.68      0.69
 2002      0.80      0.70
 2003      0.78      0.76
 2004      0.68      0.78
 2005      0.88      0.79
 2006      0.77      0.77
 2007      0.85      0.79
 2008      0.64      0.79
 2009      0.78      0.79
 2010      0.91      0.78
 2011      0.78      0.81
 2012      0.76      0.82
 2013      0.81      0.83
 2014      0.87      0.92
 2015      0.96         *
 2016      1.23         *
 2017         *         *

------------------------------------
