 Year Mo Globe  Land Ocean   NH   Land Ocean   SH   Land Ocean Trpcs  Land Ocean NoExt  Land Ocean SoExt  Land Ocean NoPol  Land Ocean SoPol  Land Ocean USA48 USA49  AUST
 1978 12 -0.28 -0.36 -0.24 -0.30 -0.41 -0.20 -0.26 -0.27 -0.26 -0.21 -0.22 -0.21 -0.37 -0.51 -0.20 -0.26 -0.21 -0.28 -0.61 -1.29  0.47 -0.20 -0.20 -0.21 -1.60 -1.46 -0.50
 1979  1 -0.25 -0.40 -0.17 -0.47 -0.69 -0.26 -0.03  0.17 -0.10 -0.12 -0.11 -0.13 -0.67 -0.88 -0.40  0.03  0.41 -0.07 -0.45 -1.03  0.46  0.25  0.43  0.10 -3.75 -2.77  1.22
 1979  2 -0.26 -0.46 -0.14 -0.42 -0.57 -0.26 -0.10 -0.24 -0.05  0.00  0.07 -0.03 -0.65 -0.82 -0.43 -0.13 -0.39 -0.06 -2.86 -3.15 -2.39 -0.31 -0.68 -0.01 -2.41 -2.48 -0.17
 1979  3 -0.26 -0.34 -0.21 -0.35 -0.36 -0.34 -0.17 -0.30 -0.13 -0.10 -0.15 -0.08 -0.51 -0.46 -0.57 -0.17 -0.31 -0.13 -0.94 -1.14 -0.63 -0.41 -0.89 -0.03 -0.52 -0.34  0.32
 1979  4 -0.28 -0.40 -0.21 -0.39 -0.56 -0.23 -0.17 -0.09 -0.19 -0.05 -0.04 -0.05 -0.59 -0.76 -0.36 -0.21 -0.04 -0.26 -0.91 -0.88 -0.98  0.03  0.69 -0.48 -0.93 -0.61 -0.89
 1979  5 -0.25 -0.35 -0.19 -0.38 -0.37 -0.38 -0.11 -0.29 -0.05 -0.12 -0.16 -0.09 -0.49 -0.44 -0.56 -0.14 -0.42 -0.06 -0.82 -0.45 -1.41  0.07 -0.10  0.20 -0.89 -0.74 -1.05
 1979  6 -0.20 -0.26 -0.17 -0.26 -0.29 -0.22 -0.15 -0.19 -0.14 -0.06 -0.09 -0.04 -0.32 -0.33 -0.32 -0.24 -0.34 -0.21 -0.69 -0.94 -0.30 -1.08 -1.17 -1.01 -0.29 -0.38 -0.24
 1979  7 -0.12 -0.28 -0.03 -0.00 -0.16  0.15 -0.24 -0.51 -0.15  0.00 -0.05  0.03 -0.03 -0.25  0.24 -0.34 -0.76 -0.23 -0.15 -0.39  0.24 -1.04 -1.47 -0.70 -0.17 -0.11 -0.60
 1979  8 -0.24 -0.34 -0.18 -0.19 -0.29 -0.09 -0.29 -0.42 -0.24 -0.01  0.02 -0.03 -0.30 -0.42 -0.16 -0.41 -0.72 -0.32 -0.25 -0.43  0.04 -1.04 -1.13 -0.96 -0.71 -0.34 -0.69
 1979  9 -0.10 -0.16 -0.06 -0.14 -0.14 -0.15 -0.06 -0.21 -0.00  0.03  0.03  0.03 -0.22 -0.17 -0.28 -0.11 -0.48 -0.02 -0.17 -0.11 -0.26 -0.12 -0.34  0.06  0.96  1.00 -0.35
 1979 10  0.01 -0.10  0.07 -0.04 -0.13  0.05  0.06 -0.05  0.09  0.14  0.18  0.11 -0.14 -0.22 -0.05  0.03 -0.25  0.11 -0.49 -0.60 -0.32 -0.11 -0.63  0.31  0.17  0.43  0.03
 1979 11 -0.11 -0.11 -0.11 -0.11 -0.16 -0.06 -0.12 -0.03 -0.15  0.20  0.12  0.23 -0.26 -0.28 -0.24 -0.29 -0.08 -0.35 -0.81 -0.32 -1.59 -0.08  0.02 -0.15 -1.28 -0.65  0.47
 1979 12  0.02  0.21 -0.09 -0.03  0.12 -0.17  0.07  0.37 -0.03 -0.02 -0.15  0.05 -0.02  0.23 -0.33  0.10  0.75 -0.08 -1.07 -0.64 -1.74  1.34  1.51  1.21  1.66  0.72  0.41
 1980  1 -0.08 -0.32  0.07 -0.33 -0.60 -0.06  0.17  0.22  0.16  0.11  0.13  0.10 -0.56 -0.85 -0.19  0.21  0.32  0.18  0.31  0.18  0.51  0.86  0.79  0.91 -0.97 -1.08  0.19
 1980  2  0.01  0.01  0.01 -0.17 -0.14 -0.19  0.18  0.31  0.14  0.12  0.03  0.17 -0.32 -0.17 -0.50  0.22  0.49  0.15  1.30  1.58  0.85  1.05  1.06  1.04 -1.15 -0.63  0.70
 1980  3 -0.10 -0.32  0.02 -0.42 -0.72 -0.13  0.21  0.46  0.12  0.07 -0.07  0.14 -0.69 -0.95 -0.34  0.30  0.95  0.12 -0.22 -0.65  0.48  1.47  2.01  1.04 -1.49 -1.37  0.59
 1980  4  0.04  0.04  0.03 -0.23 -0.27 -0.20  0.31  0.64  0.19  0.19  0.19  0.19 -0.46 -0.44 -0.49  0.38  1.07  0.19 -0.62 -0.53 -0.77  1.88  2.58  1.33 -0.59 -0.56  0.39
 1980  5  0.08  0.08  0.08 -0.09 -0.16 -0.02  0.25  0.54  0.15  0.25  0.23  0.26 -0.25 -0.28 -0.20  0.24  0.77  0.10 -0.25 -0.54  0.22  0.83  1.17  0.57 -0.46 -0.38  0.83
 1980  6  0.04 -0.17  0.17 -0.03 -0.20  0.14  0.11 -0.10  0.19  0.27  0.16  0.32 -0.17 -0.31  0.01  0.03 -0.34  0.13 -0.48 -0.73 -0.08 -0.49 -0.64 -0.36 -0.69 -0.61  0.19
 1980  7 -0.00  0.09 -0.05 -0.04 -0.10  0.01  0.04  0.45 -0.09  0.04  0.00  0.06 -0.10 -0.14 -0.03  0.05  0.86 -0.16 -0.79 -0.92 -0.59  1.60  2.70  0.73  0.79  0.60 -0.15
 1980  8  0.05  0.15 -0.01 -0.07 -0.04 -0.10  0.17  0.53  0.04 -0.05 -0.13 -0.01 -0.07  0.00 -0.15  0.26  1.03  0.06  0.08  0.55 -0.68  1.30  2.27  0.54  0.10 -0.11  0.69
 1980  9  0.07  0.13  0.03 -0.09 -0.15 -0.04  0.23  0.68  0.07  0.08  0.08  0.09 -0.18 -0.22 -0.14  0.30  1.16  0.07 -0.24 -0.12 -0.44  1.42  2.19  0.80  0.56  0.40  1.45
 1980 10 -0.03 -0.06 -0.02  0.02 -0.04  0.08 -0.09 -0.09 -0.09  0.04  0.09  0.02 -0.01 -0.10  0.11 -0.14 -0.19 -0.13  0.85  0.85  0.84 -0.52 -0.44 -0.59 -0.46 -0.17 -0.06
 1980 11 -0.00  0.20 -0.12 -0.04  0.12 -0.18  0.03  0.36 -0.08 -0.03 -0.03 -0.03 -0.09  0.16 -0.41  0.12  0.69 -0.04 -1.52 -1.20 -2.03  0.83  1.60  0.22  0.11  0.20  0.89
 1980 12 -0.16 -0.12 -0.18 -0.26 -0.23 -0.29 -0.05  0.10 -0.10 -0.07 -0.14 -0.03 -0.36 -0.24 -0.52 -0.04  0.26 -0.13 -1.04 -0.63 -1.68  0.11  0.43 -0.14  0.94  0.42  0.09
 1981  1  0.02  0.22 -0.10 -0.09  0.32 -0.47  0.12  0.04  0.15 -0.17 -0.24 -0.14 -0.03  0.53 -0.74  0.26  0.18  0.28  1.39  2.65 -0.63 -0.00 -0.20  0.15  0.43  1.14  0.56
 1981  2  0.06  0.03  0.08 -0.14 -0.05 -0.22  0.26  0.19  0.28 -0.19 -0.21 -0.18 -0.14  0.00 -0.32  0.52  0.51  0.52 -0.21  0.15 -0.77  0.63  0.51  0.72  0.20  0.21  0.56
 1981  3  0.02  0.13 -0.05 -0.08  0.09 -0.23  0.11  0.21  0.08 -0.09 -0.13 -0.07 -0.08  0.19 -0.42  0.23  0.40  0.18  0.27  0.24  0.32  1.38  1.97  0.90 -1.56 -0.93 -1.21
 1981  4 -0.11 -0.07 -0.14 -0.12  0.01 -0.24 -0.10 -0.22 -0.06 -0.06 -0.08 -0.05 -0.18  0.02 -0.44 -0.10 -0.30 -0.04 -0.28 -0.58  0.20  0.22 -0.60  0.86  1.81  1.51  0.66
 1981  5 -0.04 -0.10  0.00 -0.05 -0.09 -0.00 -0.02 -0.12  0.01 -0.03 -0.06 -0.01 -0.09 -0.12 -0.04  0.01 -0.12  0.04  0.03  0.13 -0.12  0.22 -0.18  0.54 -0.62 -0.13 -0.40
 1981  6 -0.08 -0.10 -0.07 -0.04 -0.06 -0.02 -0.12 -0.19 -0.10 -0.08 -0.05 -0.10 -0.05 -0.08 -0.02 -0.11 -0.27 -0.07 -0.14 -0.04 -0.30  0.05  0.46 -0.27  0.31  0.00 -0.54
 1981  7 -0.03  0.10 -0.11 -0.05 -0.02 -0.08 -0.01  0.35 -0.13 -0.17 -0.25 -0.13  0.03  0.06 -0.01  0.06  0.81 -0.14 -0.60 -0.62 -0.58  1.15  2.16  0.35  0.23  0.01  0.18
 1981  8 -0.02  0.14 -0.12 -0.01 -0.01 -0.01 -0.04  0.42 -0.19 -0.23 -0.10 -0.29  0.09  0.00  0.21  0.07  0.89 -0.15  0.33  0.46  0.11  1.46  2.82  0.38  0.19  0.05 -0.28
 1981  9 -0.10 -0.01 -0.15 -0.16 -0.19 -0.13 -0.04  0.34 -0.16 -0.08 -0.12 -0.06 -0.20 -0.21 -0.19 -0.03  0.69 -0.22  0.02 -0.16  0.30  1.06  1.45  0.76  0.10 -0.24  0.90
 1981 10 -0.14 -0.15 -0.13 -0.09 -0.17 -0.01 -0.18 -0.11 -0.21  0.01 -0.01  0.02 -0.15 -0.25 -0.03 -0.27 -0.11 -0.31  0.46  0.51  0.39  0.18  0.60 -0.16 -0.63 -0.46 -0.44
 1981 11 -0.13 -0.19 -0.09 -0.16 -0.18 -0.15 -0.10 -0.22 -0.06 -0.02 -0.04 -0.01 -0.23 -0.20 -0.28 -0.14 -0.43 -0.07  0.50  0.69  0.18 -0.70 -0.79 -0.62  0.47  0.32 -0.67
 1981 12  0.04  0.15 -0.03 -0.06  0.10 -0.21  0.14  0.26  0.09 -0.01  0.12 -0.08 -0.10  0.08 -0.31  0.22  0.40  0.18 -0.20 -0.13 -0.31  0.38  0.64  0.17 -0.34 -0.52  0.52
 1982  1 -0.21 -0.48 -0.05 -0.43 -0.79 -0.08  0.01  0.13 -0.03 -0.14 -0.13 -0.14 -0.57 -1.01 -0.01  0.07  0.33 -0.00 -1.33 -2.03 -0.22  0.64  0.56  0.71 -1.89 -1.68  0.65
 1982  2 -0.21 -0.45 -0.06 -0.40 -0.68 -0.14 -0.01  0.00 -0.01 -0.19 -0.23 -0.17 -0.50 -0.78 -0.13  0.07  0.09  0.06  0.29  0.11  0.56  0.09  0.22 -0.01 -0.78 -0.78  0.03
 1982  3 -0.36 -0.86 -0.07 -0.58 -0.98 -0.21 -0.14 -0.64  0.03 -0.10 -0.15 -0.08 -0.83 -1.22 -0.34 -0.16 -1.10  0.10 -1.09 -1.62 -0.25 -1.23 -2.36 -0.34 -0.65 -0.57  0.02
 1982  4 -0.25 -0.39 -0.17 -0.25 -0.24 -0.25 -0.25 -0.68 -0.10 -0.15 -0.24 -0.11 -0.30 -0.24 -0.38 -0.29 -1.03 -0.10 -0.62 -0.32 -1.11 -1.13 -1.80 -0.60 -1.48 -1.62 -0.60
 1982  5 -0.24 -0.27 -0.22 -0.42 -0.46 -0.39 -0.05  0.09 -0.10 -0.11 -0.22 -0.05 -0.59 -0.54 -0.65 -0.02  0.36 -0.12 -1.45 -1.30 -1.69  0.81  0.87  0.76 -0.33 -0.69 -0.11
 1982  6 -0.16 -0.39 -0.03 -0.31 -0.50 -0.14 -0.01 -0.18  0.04  0.00 -0.09  0.05 -0.49 -0.65 -0.29 -0.01 -0.21  0.04 -0.67 -0.83 -0.40  0.45  0.40  0.50 -1.53 -1.39 -0.72
 1982  7 -0.33 -0.29 -0.35 -0.31 -0.32 -0.30 -0.34 -0.23 -0.38 -0.16 -0.14 -0.17 -0.41 -0.41 -0.41 -0.42 -0.24 -0.47 -0.25 -0.26 -0.24  0.09  0.57 -0.29 -0.34 -0.31 -1.00
 1982  8 -0.27 -0.30 -0.24 -0.38 -0.40 -0.36 -0.15 -0.12 -0.17 -0.18 -0.27 -0.13 -0.50 -0.47 -0.53 -0.12  0.09 -0.18 -0.56 -0.68 -0.37 -0.29 -0.32 -0.27 -0.19 -0.19  0.52
 1982  9 -0.27 -0.33 -0.24 -0.39 -0.32 -0.46 -0.15 -0.34 -0.08 -0.15 -0.18 -0.13 -0.56 -0.42 -0.74 -0.11 -0.35 -0.05 -1.41 -1.13 -1.85 -0.36 -0.70 -0.08 -0.49 -0.42 -1.19
 1982 10 -0.35 -0.49 -0.27 -0.47 -0.50 -0.43 -0.24 -0.46 -0.16 -0.30 -0.39 -0.25 -0.54 -0.53 -0.54 -0.22 -0.54 -0.14 -1.09 -1.42 -0.54  0.05 -0.44  0.44 -0.45 -0.89 -0.83
 1982 11 -0.24 -0.34 -0.18 -0.58 -0.72 -0.44  0.09  0.39 -0.01 -0.01 -0.15  0.06 -0.83 -0.87 -0.77  0.09  0.73 -0.08 -1.44 -1.59 -1.19  0.92  1.54  0.43 -0.84 -0.75  0.32
 1982 12 -0.10  0.00 -0.16 -0.21 -0.23 -0.20  0.02  0.44 -0.12  0.13  0.03  0.19 -0.36 -0.31 -0.44 -0.07  0.78 -0.30 -0.91 -0.84 -1.03  1.37  2.02  0.85  0.63  0.56 -0.10
 1983  1  0.02  0.05  0.00 -0.07 -0.11 -0.04  0.11  0.35  0.03  0.54  0.23  0.70 -0.33 -0.11 -0.61 -0.18  0.16 -0.27 -0.94 -0.50 -1.66  0.85  0.75  0.93  0.41  0.12 -0.69
 1983  2 -0.13 -0.20 -0.09 -0.37 -0.47 -0.27  0.11  0.32  0.04  0.53  0.39  0.60 -0.79 -0.68 -0.92 -0.15  0.08 -0.22 -0.57 -0.11 -1.31  0.41  0.09  0.66 -0.11 -0.06  0.49
 1983  3  0.14 -0.04  0.24 -0.03 -0.16  0.09  0.30  0.19  0.34  0.58  0.47  0.64 -0.34 -0.33 -0.34  0.14 -0.12  0.21  0.24  0.12  0.45 -0.22 -0.52  0.01 -0.92 -0.74  0.12
 1983  4  0.06 -0.07  0.13 -0.21 -0.30 -0.12  0.32  0.38  0.30  0.47  0.45  0.48 -0.54 -0.53 -0.54  0.22  0.31  0.20 -0.72 -0.36 -1.30  0.77  1.28  0.37 -3.17 -2.69 -1.10
 1983  5  0.11  0.07  0.13 -0.15 -0.33  0.02  0.36  0.84  0.20  0.38  0.49  0.32 -0.42 -0.59 -0.21  0.35  1.11  0.15 -1.02 -1.21 -0.70  1.52  2.47  0.77 -1.55 -1.39  0.55
 1983  6 -0.14 -0.25 -0.07 -0.25 -0.36 -0.15 -0.02 -0.05 -0.01  0.23  0.23  0.23 -0.51 -0.55 -0.45 -0.15 -0.27 -0.12 -0.39 -0.02 -0.97  0.38  0.19  0.53 -0.71 -0.56 -0.19
 1983  7  0.05 -0.03  0.10  0.06  0.03  0.09  0.04 -0.16  0.10  0.35  0.41  0.32 -0.10 -0.09 -0.12 -0.12 -0.64  0.02 -0.12 -0.26  0.11 -0.65 -0.73 -0.58  0.20  0.10 -0.98
 1983  8 -0.02  0.03 -0.04 -0.00  0.06 -0.07 -0.03 -0.04 -0.02  0.13  0.14  0.12 -0.08  0.03 -0.22 -0.11 -0.19 -0.09 -0.20 -0.26 -0.09 -0.53 -0.33 -0.69  0.99  0.60 -0.04
 1983  9 -0.05  0.11 -0.14 -0.11 -0.04 -0.19  0.02  0.40 -0.10  0.05  0.09  0.02 -0.16 -0.05 -0.29 -0.03  0.57 -0.19 -0.04  0.23 -0.48  1.26  1.61  0.99 -0.09 -0.44  0.95
 1983 10 -0.22 -0.25 -0.20 -0.28 -0.21 -0.36 -0.15 -0.34 -0.08 -0.15 -0.20 -0.12 -0.36 -0.25 -0.50 -0.15 -0.35 -0.09 -0.91 -0.73 -1.18 -0.77 -0.93 -0.64  0.31  0.07  0.20
 1983 11 -0.16 -0.12 -0.18 -0.13  0.09 -0.33 -0.19 -0.53 -0.07 -0.13 -0.16 -0.11 -0.14  0.17 -0.54 -0.20 -0.84 -0.04 -0.45  0.08 -1.29 -1.05 -1.66 -0.56 -0.41 -0.14 -0.10
 1983 12 -0.40 -0.54 -0.31 -0.47 -0.59 -0.37 -0.32 -0.47 -0.27 -0.40 -0.48 -0.35 -0.52 -0.64 -0.36 -0.28 -0.41 -0.24 -0.25 -0.20 -0.33 -0.28 -0.68  0.04 -2.48 -1.67 -0.65
 1984  1 -0.42 -0.57 -0.34 -0.57 -0.69 -0.45 -0.28 -0.33 -0.26 -0.48 -0.55 -0.44 -0.59 -0.75 -0.38 -0.19 -0.10 -0.22 -0.94 -0.80 -1.16  0.65  0.59  0.71 -1.04 -1.08 -1.29
 1984  2 -0.30 -0.52 -0.18 -0.52 -0.61 -0.43 -0.09 -0.33 -0.01 -0.31 -0.32 -0.30 -0.61 -0.73 -0.46  0.01 -0.27  0.09 -0.53 -0.54 -0.52 -0.02 -0.48  0.35 -0.01 -0.73 -0.29
 1984  3 -0.23 -0.34 -0.17 -0.54 -0.57 -0.52  0.07  0.10  0.06 -0.12 -0.15 -0.11 -0.78 -0.76 -0.81  0.19  0.45  0.13 -0.39 -0.27 -0.57  0.97  1.42  0.61 -1.32 -0.83 -0.68
 1984  4 -0.33 -0.50 -0.23 -0.53 -0.71 -0.36 -0.13 -0.10 -0.14 -0.19 -0.20 -0.19 -0.72 -0.91 -0.47 -0.08  0.09 -0.13 -1.39 -1.68 -0.93  0.58  0.91  0.31 -1.30 -1.60 -0.87
 1984  5 -0.12 -0.04 -0.17 -0.35 -0.29 -0.40  0.10  0.45 -0.01 -0.29 -0.24 -0.31 -0.36 -0.29 -0.46  0.29  0.98  0.11 -0.24  0.12 -0.82  2.08  2.86  1.46 -0.50 -0.80 -0.31
 1984  6 -0.28 -0.33 -0.26 -0.24 -0.27 -0.21 -0.33 -0.44 -0.29 -0.35 -0.39 -0.32 -0.14 -0.21 -0.05 -0.36 -0.56 -0.31  0.13  0.11  0.16 -0.86 -0.89 -0.83 -0.62 -0.61  0.11
 1984  7 -0.34 -0.45 -0.27 -0.37 -0.41 -0.33 -0.30 -0.54 -0.22 -0.50 -0.46 -0.51 -0.30 -0.39 -0.18 -0.21 -0.62 -0.10  0.29  0.20  0.43 -1.20 -0.92 -1.42 -0.45 -0.49 -0.64
 1984  8 -0.28 -0.33 -0.25 -0.27 -0.27 -0.27 -0.29 -0.44 -0.24 -0.30 -0.25 -0.32 -0.28 -0.32 -0.22 -0.27 -0.47 -0.21 -0.22 -0.43  0.11  0.20  0.40  0.04 -0.06 -0.11 -0.75
 1984  9 -0.61 -0.82 -0.49 -0.60 -0.83 -0.39 -0.62 -0.80 -0.56 -0.59 -0.69 -0.54 -0.61 -0.89 -0.25 -0.64 -0.85 -0.58  0.18 -0.25  0.87 -0.39 -0.20 -0.55 -0.97 -0.80 -2.20
 1984 10 -0.31 -0.47 -0.22 -0.37 -0.48 -0.27 -0.26 -0.45 -0.19 -0.39 -0.40 -0.38 -0.37 -0.51 -0.18 -0.18 -0.46 -0.11  0.27 -0.06  0.81 -0.36 -0.81  0.00 -0.82 -0.49 -0.52
 1984 11 -0.53 -0.68 -0.44 -0.73 -0.79 -0.67 -0.33 -0.46 -0.28 -0.55 -0.56 -0.54 -0.79 -0.85 -0.71 -0.25 -0.43 -0.20 -1.00 -1.23 -0.64 -0.62 -0.77 -0.49 -1.01 -1.01  0.09
 1984 12 -0.48 -0.89 -0.23 -0.75 -1.32 -0.20 -0.21 -0.05 -0.26 -0.44 -0.56 -0.38 -0.88 -1.54 -0.03 -0.11  0.29 -0.22 -0.48 -1.10  0.51  0.97  1.49  0.55  0.74  0.64 -0.12
 1985  1 -0.26 -0.30 -0.24 -0.41 -0.47 -0.34 -0.12  0.01 -0.16 -0.31 -0.22 -0.37 -0.46 -0.56 -0.33 -0.01  0.23 -0.08  1.27  0.97  1.75  0.59  0.94  0.31 -2.14 -1.15 -0.23
 1985  2 -0.32 -0.43 -0.26 -0.34 -0.45 -0.24 -0.31 -0.40 -0.28 -0.30 -0.24 -0.33 -0.34 -0.51 -0.12 -0.33 -0.53 -0.28 -0.70 -0.81 -0.53 -0.72 -1.26 -0.30 -1.69 -1.95  0.07
 1985  3 -0.24 -0.34 -0.18 -0.52 -0.61 -0.43  0.04  0.18 -0.01 -0.23 -0.02 -0.35 -0.65 -0.81 -0.45  0.17  0.34  0.12 -1.13 -1.20 -1.03  0.03  0.40 -0.26  0.09 -0.24  0.65
 1985  4 -0.31 -0.30 -0.32 -0.51 -0.41 -0.61 -0.11 -0.08 -0.12 -0.52 -0.50 -0.52 -0.47 -0.36 -0.62  0.06  0.21  0.02 -1.87 -1.71 -2.12  0.21  0.82 -0.28  0.67 -0.22  0.13
 1985  5 -0.33 -0.32 -0.33 -0.34 -0.25 -0.43 -0.31 -0.45 -0.27 -0.36 -0.32 -0.38 -0.32 -0.22 -0.44 -0.30 -0.57 -0.23 -0.50 -0.68 -0.21 -0.74 -0.91 -0.61  0.71  0.37 -0.58
 1985  6 -0.30 -0.28 -0.31 -0.41 -0.43 -0.39 -0.18  0.01 -0.25 -0.42 -0.42 -0.42 -0.43 -0.47 -0.38 -0.04  0.44 -0.17 -0.30 -0.51  0.05  0.23  0.47  0.05 -0.35 -0.53 -0.39
 1985  7 -0.45 -0.68 -0.31 -0.61 -0.74 -0.49 -0.28 -0.57 -0.19 -0.65 -0.68 -0.64 -0.58 -0.74 -0.37 -0.11 -0.53  0.01 -0.63 -1.14  0.18 -0.72 -1.77  0.11 -0.13 -0.06  0.34
 1985  8 -0.28 -0.22 -0.31 -0.47 -0.36 -0.57 -0.08  0.04 -0.13 -0.39 -0.33 -0.43 -0.49 -0.38 -0.64  0.07  0.36 -0.01 -0.85 -0.82 -0.90  0.08  0.77 -0.46 -0.75 -0.81 -0.11
 1985  9 -0.32 -0.40 -0.28 -0.48 -0.42 -0.54 -0.17 -0.37 -0.10 -0.38 -0.40 -0.37 -0.52 -0.42 -0.66 -0.06 -0.35  0.01 -0.20 -0.05 -0.45 -0.48 -0.41 -0.55 -1.11 -0.95 -0.49
 1985 10 -0.41 -0.51 -0.36 -0.43 -0.42 -0.44 -0.40 -0.68 -0.30 -0.28 -0.35 -0.25 -0.53 -0.50 -0.57 -0.43 -0.79 -0.33 -0.57 -0.62 -0.50 -0.52 -0.87 -0.24  0.30 -0.19 -1.52
 1985 11 -0.26 -0.41 -0.17 -0.27 -0.34 -0.20 -0.25 -0.54 -0.16 -0.31 -0.41 -0.26 -0.28 -0.37 -0.17 -0.19 -0.54 -0.09  1.22  1.24  1.20 -0.89 -1.47 -0.42 -0.77 -0.35 -0.36
 1985 12 -0.22 -0.31 -0.18 -0.22 -0.23 -0.21 -0.23 -0.45 -0.15 -0.26 -0.25 -0.27 -0.22 -0.22 -0.21 -0.19 -0.62 -0.08  0.90  1.03  0.67 -0.84 -1.21 -0.56 -1.21 -0.45 -0.13
 1986  1 -0.14 -0.02 -0.20 -0.20  0.02 -0.41 -0.07 -0.11 -0.06 -0.15 -0.18 -0.14 -0.24  0.07 -0.64 -0.01 -0.01 -0.02 -0.62 -0.27 -1.19 -0.01  0.30 -0.25  0.92  0.78 -0.46
 1986  2 -0.27 -0.23 -0.30 -0.52 -0.51 -0.52 -0.03  0.32 -0.15 -0.40 -0.42 -0.39 -0.57 -0.54 -0.60  0.15  0.91 -0.05  0.38  0.40  0.34  1.61  2.71  0.74  0.37  0.57  0.12
 1986  3 -0.27 -0.32 -0.23 -0.38 -0.44 -0.32 -0.15 -0.07 -0.18 -0.34 -0.42 -0.30 -0.42 -0.47 -0.35 -0.03  0.27 -0.11 -1.39 -1.28 -1.56  0.53  0.74  0.36  1.20  0.75  0.62
 1986  4 -0.14 -0.12 -0.15 -0.28 -0.20 -0.36  0.01  0.05 -0.00 -0.18 -0.17 -0.18 -0.34 -0.23 -0.48  0.11  0.28  0.07 -1.05 -0.88 -1.33  0.49  0.51  0.48  0.52 -0.16  0.16
 1986  5 -0.13 -0.18 -0.09 -0.24 -0.32 -0.16 -0.01  0.09 -0.05 -0.18 -0.16 -0.18 -0.26 -0.36 -0.13  0.06  0.28  0.00 -0.63 -0.88 -0.24  0.36  0.46  0.29  0.01 -0.34  0.20
 1986  6 -0.20 -0.30 -0.15 -0.19 -0.23 -0.16 -0.22 -0.43 -0.14 -0.21 -0.22 -0.21 -0.18 -0.22 -0.13 -0.22 -0.62 -0.11 -0.30 -0.51  0.05 -0.46 -1.25  0.16  0.92  0.73 -0.38
 1986  7 -0.26 -0.41 -0.17 -0.33 -0.40 -0.27 -0.19 -0.41 -0.11 -0.34 -0.43 -0.30 -0.35 -0.42 -0.26 -0.08 -0.32 -0.02 -0.80 -0.59 -1.13  0.05 -0.28  0.30 -0.43 -0.29 -1.10
 1986  8 -0.31 -0.45 -0.23 -0.38 -0.46 -0.31 -0.24 -0.43 -0.17 -0.16 -0.11 -0.19 -0.55 -0.61 -0.49 -0.21 -0.60 -0.11 -1.21 -1.06 -1.45 -0.53 -0.67 -0.42 -0.60 -0.86 -0.94
 1986  9 -0.39 -0.56 -0.29 -0.49 -0.59 -0.39 -0.29 -0.50 -0.22 -0.23 -0.36 -0.16 -0.64 -0.67 -0.59 -0.31 -0.61 -0.23 -1.21 -1.06 -1.44 -0.91 -1.44 -0.49 -1.26 -0.88 -0.08
 1986 10 -0.38 -0.45 -0.34 -0.38 -0.42 -0.34 -0.38 -0.50 -0.34 -0.16 -0.30 -0.08 -0.53 -0.50 -0.57 -0.47 -0.56 -0.45 -0.58 -0.28 -1.08 -0.50 -0.38 -0.60 -0.44 -0.05 -1.36
 1986 11 -0.23 -0.45 -0.10 -0.37 -0.54 -0.20 -0.09 -0.28 -0.03 -0.13 -0.24 -0.07 -0.51 -0.66 -0.31 -0.05 -0.25  0.00 -0.35 -0.13 -0.70  0.20 -0.22  0.53 -0.11 -0.05  0.05
 1986 12 -0.22 -0.42 -0.10 -0.37 -0.54 -0.21 -0.07 -0.19 -0.03 -0.08 -0.22 -0.01 -0.50 -0.62 -0.35 -0.09 -0.25 -0.05 -1.27 -1.55 -0.82 -0.40 -0.70 -0.16  0.10  0.28 -0.28
 1987  1  0.04  0.06  0.02  0.05 -0.01  0.11  0.03  0.21 -0.04  0.12  0.06  0.14 -0.01 -0.06  0.05  0.01  0.39 -0.09 -0.25 -0.69  0.45  0.24  0.82 -0.22 -0.29 -0.26 -0.02
 1987  2  0.08  0.26 -0.02  0.07  0.39 -0.23  0.09 -0.01  0.13  0.15  0.09  0.18  0.05  0.49 -0.52  0.05 -0.08  0.08 -0.56 -0.06 -1.37  0.24 -0.21  0.60  0.35  0.20 -0.48
 1987  3 -0.19 -0.37 -0.09 -0.22 -0.38 -0.08 -0.16 -0.35 -0.09  0.12  0.10  0.12 -0.40 -0.53 -0.23 -0.31 -0.75 -0.19 -0.45 -0.41 -0.51 -0.48 -0.95 -0.11 -0.01  0.07 -1.13
 1987  4  0.00 -0.10  0.06 -0.15 -0.20 -0.10  0.15  0.08  0.18  0.24  0.15  0.29 -0.34 -0.30 -0.39  0.09 -0.01  0.12 -0.71 -1.03 -0.21 -0.69 -0.81 -0.59  0.94  0.57  0.41
 1987  5 -0.13 -0.24 -0.06 -0.25 -0.25 -0.25 -0.01 -0.23  0.06  0.03  0.02  0.03 -0.37 -0.32 -0.43 -0.05 -0.49  0.06 -0.84 -1.09 -0.45 -0.44 -0.71 -0.22  1.05  0.72 -0.23
 1987  6  0.09 -0.04  0.17 -0.02 -0.22  0.17  0.21  0.32  0.17  0.35  0.21  0.43 -0.23 -0.37 -0.04  0.14  0.44  0.06 -0.72 -1.17  0.01  0.43  1.08 -0.09  0.54  0.34 -0.08
 1987  7  0.04  0.02  0.06  0.04 -0.05  0.12  0.05  0.15  0.02  0.38  0.50  0.31 -0.16 -0.27 -0.02 -0.10 -0.04 -0.12 -0.29 -0.49  0.02  0.31  0.43  0.22 -0.41 -0.28 -0.53
 1987  8 -0.04 -0.20  0.04 -0.11 -0.21 -0.01  0.02 -0.18  0.08  0.31  0.27  0.33 -0.31 -0.37 -0.25 -0.14 -0.53 -0.04 -0.66 -0.70 -0.61 -0.33 -1.08  0.27 -0.52 -0.34 -0.05
 1987  9 -0.08  0.00 -0.12 -0.02  0.05 -0.09 -0.13 -0.09 -0.14  0.37  0.42  0.35 -0.25 -0.09 -0.44 -0.38 -0.47 -0.35 -1.04 -0.66 -1.65 -0.32 -0.34 -0.30 -0.45 -0.71 -0.79
 1987 10  0.09  0.06  0.11  0.10 -0.06  0.25  0.08  0.28  0.01  0.48  0.44  0.50 -0.08 -0.20  0.08 -0.15  0.10 -0.22  0.62  0.56  0.71 -0.02  0.32 -0.29 -0.47 -0.33  0.08
 1987 11 -0.02 -0.07  0.01 -0.08 -0.14 -0.02  0.04  0.05  0.03  0.46  0.44  0.47 -0.35 -0.33 -0.37 -0.19 -0.25 -0.17 -1.09 -1.08 -1.11 -0.77 -1.18 -0.45  0.49  0.29 -0.03
 1987 12  0.27  0.36  0.22  0.37  0.47  0.28  0.17  0.15  0.18  0.56  0.50  0.60  0.25  0.45  0.00 -0.01 -0.11  0.01 -0.29 -0.19 -0.46  0.07 -0.27  0.34  0.24 -0.00  0.15
 1988  1  0.17  0.19  0.15  0.15  0.15  0.15  0.18  0.27  0.15  0.36  0.37  0.36  0.01  0.08 -0.06  0.11  0.21  0.08 -0.23 -0.02 -0.57  0.47  0.40  0.52 -1.34 -0.89  0.15
 1988  2 -0.08 -0.30  0.05 -0.15 -0.38  0.08 -0.01 -0.13  0.03  0.23  0.21  0.24 -0.35 -0.56 -0.07 -0.14 -0.43 -0.06  0.19 -0.34  1.03 -0.59 -0.78 -0.43 -1.25 -1.03 -0.55
 1988  3  0.11  0.06  0.14 -0.01 -0.04  0.02  0.23  0.25  0.23  0.43  0.45  0.42 -0.27 -0.25 -0.29  0.16  0.21  0.15 -0.35  0.16 -1.16  0.21  0.16  0.25 -0.71 -0.76  0.14
 1988  4 -0.05  0.00 -0.08 -0.24 -0.09 -0.38  0.13  0.18  0.12  0.09  0.22  0.02 -0.41 -0.20 -0.68  0.16  0.17  0.16 -1.62 -1.43 -1.93  0.36  0.10  0.56  0.06 -0.01  0.31
 1988  5  0.01  0.05 -0.01  0.08 -0.02  0.17 -0.05  0.20 -0.14  0.14  0.22  0.10  0.04 -0.10  0.23 -0.15  0.19 -0.25  0.12 -0.24  0.69  0.13  0.70 -0.33 -0.06  0.03  0.66
 1988  6  0.04  0.16 -0.04  0.07  0.12  0.01  0.01  0.24 -0.07 -0.09 -0.02 -0.13  0.14  0.15  0.13  0.07  0.51 -0.05 -0.03 -0.01 -0.05  0.38  1.11 -0.20  0.88  0.70  1.00
 1988  7  0.12  0.22  0.06  0.19  0.33  0.06  0.04  0.02  0.05 -0.03 -0.01 -0.04  0.34  0.46  0.19  0.05 -0.01  0.07  0.49  0.51  0.47 -0.06 -0.53  0.31  0.15  0.11  0.96
 1988  8  0.08  0.31 -0.04  0.20  0.26  0.14 -0.03  0.40 -0.17 -0.01  0.03 -0.04  0.34  0.38  0.30 -0.07  0.57 -0.24  0.07  0.04  0.13  1.19  1.49  0.96  0.75  0.66 -0.14
 1988  9  0.16  0.45 -0.01  0.16  0.41 -0.07  0.15  0.53  0.02 -0.01  0.13 -0.09  0.29  0.55 -0.04  0.20  0.71  0.06  0.18  0.71 -0.66  0.61  0.81  0.46  0.58  0.28  0.58
 1988 10  0.00  0.27 -0.16  0.06  0.13 -0.01 -0.05  0.55 -0.26 -0.11  0.08 -0.21  0.15  0.18  0.10 -0.02  0.83 -0.25 -0.17  0.07 -0.55  0.87  1.52  0.36 -0.33 -0.36  1.46
 1988 11 -0.19 -0.23 -0.16 -0.28 -0.24 -0.31 -0.10 -0.21 -0.06 -0.45 -0.30 -0.52 -0.20 -0.23 -0.16  0.09 -0.13  0.15 -1.00 -0.84 -1.26 -0.08 -0.22  0.04 -0.06 -0.42 -0.35
 1988 12 -0.22 -0.08 -0.31 -0.30  0.03 -0.60 -0.15 -0.28 -0.10 -0.69 -0.48 -0.80 -0.08  0.20 -0.42  0.13 -0.11  0.19 -0.35  0.28 -1.37  0.30 -0.45  0.89 -0.19 -0.15  0.36
 1989  1 -0.44 -0.56 -0.36 -0.55 -0.58 -0.53 -0.32 -0.53 -0.25 -0.55 -0.43 -0.62 -0.56 -0.63 -0.46 -0.19 -0.59 -0.09 -2.62 -2.56 -2.71 -0.42 -0.66 -0.24  0.90 -0.23 -1.00
 1989  2 -0.29 -0.44 -0.20 -0.35 -0.49 -0.22 -0.23 -0.36 -0.19 -0.67 -0.59 -0.71 -0.15 -0.42  0.20 -0.03 -0.26  0.03 -0.14  0.26 -0.79 -0.17 -0.38  0.00 -1.30 -0.16 -0.26
 1989  3 -0.31 -0.21 -0.37 -0.30 -0.09 -0.50 -0.32 -0.44 -0.28 -0.75 -0.77 -0.74 -0.02  0.16 -0.26 -0.14 -0.26 -0.10 -0.26  0.06 -0.78 -0.30 -0.55 -0.09  0.87  0.94 -0.10
 1989  4 -0.22 -0.16 -0.25 -0.17 -0.13 -0.22 -0.26 -0.22 -0.27 -0.49 -0.42 -0.52  0.00 -0.05  0.07 -0.15 -0.01 -0.19  0.31  0.23  0.44 -0.17  0.03 -0.32  0.44  0.74  0.44
 1989  5 -0.30 -0.35 -0.28 -0.26 -0.21 -0.31 -0.35 -0.62 -0.26 -0.51 -0.49 -0.52 -0.13 -0.11 -0.15 -0.27 -0.75 -0.14 -0.80 -0.63 -1.07 -1.51 -2.30 -0.87  0.06 -0.02  0.53
 1989  6 -0.27 -0.34 -0.24 -0.21 -0.15 -0.27 -0.33 -0.70 -0.21 -0.48 -0.33 -0.55 -0.10 -0.10 -0.09 -0.24 -0.97 -0.04 -0.30 -0.03 -0.73 -1.36 -2.26 -0.64 -0.11 -0.13 -0.17
 1989  7 -0.17 -0.15 -0.18 -0.11 -0.01 -0.21 -0.23 -0.44 -0.16 -0.34 -0.28 -0.38 -0.01  0.07 -0.10 -0.16 -0.53 -0.06 -0.18 -0.07 -0.37 -0.26 -0.71  0.11  0.19  0.23 -0.93
 1989  8 -0.14 -0.13 -0.14 -0.16 -0.17 -0.15 -0.12 -0.06 -0.13 -0.29 -0.25 -0.31 -0.09 -0.14 -0.03 -0.03  0.08 -0.06 -0.04 -0.19  0.21  0.45  0.66  0.28 -0.69 -0.37 -1.28
 1989  9 -0.06  0.05 -0.13 -0.04  0.03 -0.11 -0.08  0.11 -0.14 -0.23 -0.12 -0.29  0.07  0.07  0.05 -0.01  0.29 -0.09 -0.19 -0.13 -0.28  0.52  1.05  0.11  0.01  0.30  0.29
 1989 10 -0.08  0.07 -0.16 -0.07  0.03 -0.16 -0.08  0.16 -0.16 -0.18 -0.13 -0.20 -0.01  0.09 -0.13 -0.04  0.36 -0.15 -0.61 -0.49 -0.80  0.30  0.76 -0.06  0.15  0.10  0.32
 1989 11 -0.18 -0.38 -0.06 -0.34 -0.48 -0.20 -0.02 -0.19  0.03 -0.03  0.05 -0.08 -0.49 -0.64 -0.30 -0.02 -0.42  0.09 -1.28 -1.09 -1.58 -0.67 -1.02 -0.38 -0.01 -0.49 -0.47
 1989 12 -0.02  0.08 -0.08 -0.14 -0.03 -0.23  0.10  0.31  0.03 -0.25 -0.21 -0.28 -0.09  0.03 -0.25  0.30  0.72  0.19  0.07  0.25 -0.21  0.93  1.61  0.38 -1.66 -1.10 -0.05
 1990  1 -0.11 -0.25 -0.02 -0.23 -0.43 -0.04  0.01  0.09 -0.01 -0.21 -0.13 -0.25 -0.26 -0.55  0.09  0.16  0.32  0.11 -0.77 -1.73  0.75  0.76  0.72  0.79  1.38  0.84  0.36
 1990  2 -0.24 -0.28 -0.23 -0.23 -0.17 -0.28 -0.26 -0.47 -0.19 -0.32 -0.37 -0.30 -0.15 -0.06 -0.27 -0.26 -0.70 -0.14 -1.73 -1.92 -1.43 -0.46 -0.34 -0.56  0.33 -0.60 -1.89
 1990  3 -0.01  0.22 -0.15  0.12  0.46 -0.21 -0.14 -0.25 -0.11 -0.18 -0.24 -0.15  0.29  0.75 -0.29 -0.14 -0.42 -0.06 -0.47  0.37 -1.81 -0.96 -1.01 -0.93  1.01  1.17  0.71
 1990  4 -0.10 -0.08 -0.11 -0.13 -0.10 -0.15 -0.08 -0.04 -0.09 -0.01  0.07 -0.06 -0.19 -0.16 -0.23 -0.10 -0.13 -0.09 -0.21  0.16 -0.79  0.07  0.09  0.06  0.46  0.91  0.06
 1990  5  0.01  0.03  0.00  0.04 -0.05  0.12 -0.01  0.18 -0.07 -0.01 -0.01 -0.01  0.05 -0.06  0.19  0.01  0.34 -0.08 -0.09 -0.31  0.27  0.36  0.92 -0.09 -0.89 -0.53  0.43
 1990  6  0.04  0.01  0.05  0.18  0.21  0.15 -0.11 -0.38 -0.02  0.03  0.07  0.02  0.24  0.24  0.24 -0.16 -0.70 -0.02  0.07 -0.09  0.32 -1.16 -1.61 -0.80  0.73  0.69  0.03
 1990  7 -0.03 -0.01 -0.04 -0.07 -0.09 -0.06  0.02  0.15 -0.03 -0.18 -0.23 -0.15 -0.01 -0.05  0.02  0.12  0.47  0.02 -0.05 -0.03 -0.07  1.54  1.81  1.33 -0.39 -0.32 -0.10
 1990  8 -0.05 -0.17  0.01 -0.04 -0.14  0.05 -0.06 -0.23 -0.01 -0.05 -0.04 -0.05 -0.08 -0.21  0.09 -0.03 -0.27  0.03 -0.10 -0.52  0.57 -0.55 -0.71 -0.43 -0.46 -0.21  0.01
 1990  9 -0.13 -0.20 -0.08 -0.09 -0.10 -0.08 -0.16 -0.40 -0.08 -0.07 -0.11 -0.05 -0.11 -0.13 -0.09 -0.19 -0.54 -0.10 -0.50 -0.82  0.01 -0.58 -0.81 -0.40  1.02  0.86 -0.52
 1990 10  0.01  0.06 -0.02  0.02  0.01  0.03 -0.00  0.17 -0.06  0.06  0.13  0.03 -0.00 -0.03  0.04 -0.03  0.22 -0.10 -1.09 -1.04 -1.16 -0.35  0.08 -0.68  0.23 -0.07 -0.08
 1990 11  0.20  0.29  0.15  0.15  0.18  0.11  0.26  0.49  0.18  0.15  0.22  0.11  0.15  0.18  0.11  0.32  0.70  0.21 -2.15 -2.15 -2.15  0.20  0.46 -0.02  1.44  0.59  1.27
 1990 12  0.13  0.22  0.08  0.09  0.12  0.06  0.16  0.40  0.08  0.09  0.15  0.06  0.08  0.07  0.10  0.22  0.72  0.08 -1.39 -1.12 -1.83  0.68  1.05  0.39 -0.22 -0.32  0.73
 1991  1  0.02 -0.09  0.09 -0.02 -0.15  0.10  0.07  0.01  0.09  0.16  0.13  0.17 -0.13 -0.26  0.02  0.04 -0.04  0.06 -0.18 -0.08 -0.34 -0.25 -0.21 -0.28 -0.83 -0.54  0.31
 1991  2  0.06  0.15  0.01  0.00 -0.06  0.06  0.12  0.55 -0.03  0.14  0.15  0.14 -0.08 -0.12 -0.02  0.11  0.87 -0.10  0.11 -0.05  0.36  0.92  1.48  0.48  1.75  1.43  1.20
 1991  3  0.17  0.04  0.25  0.23  0.11  0.35  0.11 -0.11  0.19  0.15  0.13  0.16  0.24  0.08  0.45  0.14 -0.22  0.23 -0.02 -0.45  0.66 -0.44 -0.65 -0.28 -0.18 -0.03  0.17
 1991  4  0.02  0.22 -0.09  0.03  0.19 -0.11  0.01  0.28 -0.08 -0.01 -0.07  0.02  0.03  0.23 -0.23  0.05  0.66 -0.12 -0.36  0.46 -1.66  0.96  1.58  0.48  0.17  0.21 -0.09
 1991  5  0.08  0.06  0.10  0.20  0.12  0.27 -0.03 -0.06 -0.02  0.13  0.04  0.18  0.23  0.15  0.34 -0.12 -0.16 -0.11  0.31  0.44  0.09 -0.26 -0.76  0.13  0.89  0.83 -0.24
 1991  6  0.28  0.37  0.22  0.25  0.29  0.21  0.31  0.53  0.23  0.30  0.31  0.29  0.23  0.27  0.17  0.31  0.74  0.20  0.13  0.38 -0.26  0.96  1.47  0.55 -0.19 -0.07  1.25
 1991  7  0.12  0.25  0.05  0.14  0.16  0.13  0.09  0.41 -0.01  0.07  0.04  0.09  0.19  0.20  0.17  0.10  0.72 -0.07  0.54  0.52  0.57  1.08  1.71  0.58 -0.20 -0.36  0.31
 1991  8  0.14  0.23  0.09  0.12  0.10  0.14  0.16  0.46  0.06 -0.01 -0.06  0.02  0.20  0.18  0.22  0.24  0.84  0.08  0.21  0.19  0.22  1.10  1.73  0.60  0.06 -0.07  0.39
 1991  9 -0.05  0.07 -0.12  0.02  0.02  0.01 -0.12  0.15 -0.21  0.05 -0.02  0.09 -0.02  0.00 -0.04 -0.19  0.37 -0.34  0.26  0.20  0.36  0.25  0.87 -0.24  0.07  0.25 -0.08
 1991 10 -0.17 -0.16 -0.17 -0.10 -0.15 -0.06 -0.23 -0.19 -0.24 -0.36 -0.46 -0.31  0.04 -0.06  0.16 -0.17  0.04 -0.22 -0.62 -0.44 -0.92  0.29  0.12  0.43  0.28  0.39  0.63
 1991 11 -0.22 -0.17 -0.24 -0.14 -0.11 -0.17 -0.29 -0.28 -0.29 -0.22 -0.31 -0.18 -0.11 -0.05 -0.19 -0.31 -0.24 -0.33 -0.59  0.01 -1.55  0.05  0.16 -0.05 -0.62 -0.47 -0.32
 1991 12 -0.21 -0.22 -0.20 -0.29 -0.38 -0.20 -0.13  0.08 -0.20 -0.13 -0.25 -0.07 -0.34 -0.40 -0.28 -0.15  0.28 -0.27 -1.14 -1.06 -1.27  1.45  2.10  0.93  1.19  0.68 -0.93
 1992  1 -0.13 -0.11 -0.15 -0.18 -0.12 -0.24 -0.09 -0.08 -0.09 -0.16 -0.37 -0.06 -0.15  0.05 -0.40 -0.09 -0.07 -0.09 -0.30  0.08 -0.91  0.44  0.39  0.48  0.54  0.49 -1.09
 1992  2 -0.23 -0.24 -0.23 -0.22 -0.32 -0.13 -0.25 -0.09 -0.30 -0.02 -0.24  0.09 -0.30 -0.29 -0.31 -0.39 -0.11 -0.46 -0.43 -0.12 -0.92  0.20  0.10  0.28  1.02  0.80 -0.01
 1992  3 -0.12 -0.19 -0.08 -0.23 -0.33 -0.14 -0.01  0.08 -0.04  0.12  0.03  0.16 -0.42 -0.43 -0.39 -0.07  0.10 -0.12  0.06  0.10 -0.02  0.12  0.10  0.14 -0.12 -0.26  0.41
 1992  4 -0.29 -0.46 -0.18 -0.47 -0.66 -0.28 -0.11 -0.08 -0.11  0.10  0.03  0.13 -0.76 -0.88 -0.61 -0.22 -0.21 -0.22 -1.58 -1.78 -1.26  0.09 -0.00  0.16  0.60  0.31 -0.46
 1992  5 -0.27 -0.44 -0.17 -0.54 -0.71 -0.37  0.00  0.10 -0.03 -0.03 -0.00 -0.04 -0.76 -0.89 -0.60 -0.02  0.03 -0.04 -1.73 -1.51 -2.07  0.75  0.88  0.64  0.33 -0.12 -0.39
 1992  6 -0.25 -0.41 -0.16 -0.45 -0.66 -0.25 -0.05  0.09 -0.09  0.02 -0.02  0.03 -0.70 -0.86 -0.49 -0.08  0.14 -0.14 -1.13 -1.27 -0.92  0.53  0.75  0.35 -0.51 -0.43 -0.26
 1992  7 -0.40 -0.59 -0.30 -0.63 -0.86 -0.42 -0.18 -0.06 -0.22 -0.33 -0.41 -0.29 -0.78 -1.00 -0.50 -0.11  0.21 -0.19 -1.08 -1.09 -1.07  0.30  0.54  0.11 -1.48 -1.21  0.25
 1992  8 -0.47 -0.54 -0.43 -0.54 -0.61 -0.48 -0.39 -0.39 -0.39 -0.28 -0.40 -0.22 -0.68 -0.67 -0.70 -0.45 -0.40 -0.46 -1.06 -0.75 -1.56 -0.21  0.14 -0.49 -1.41 -1.20 -0.48
 1992  9 -0.47 -0.79 -0.29 -0.45 -0.70 -0.22 -0.49 -0.96 -0.34 -0.34 -0.43 -0.30 -0.53 -0.79 -0.21 -0.55 -1.37 -0.33 -0.82 -1.11 -0.36 -1.42 -2.04 -0.92  0.01 -0.72 -1.13
 1992 10 -0.25 -0.39 -0.17 -0.30 -0.39 -0.22 -0.21 -0.39 -0.14 -0.21 -0.22 -0.20 -0.36 -0.44 -0.27 -0.19 -0.53 -0.09 -0.92 -1.01 -0.78 -0.42 -0.43 -0.41  0.31  0.08 -1.26
 1992 11 -0.26 -0.44 -0.16 -0.24 -0.35 -0.14 -0.28 -0.63 -0.17 -0.35 -0.48 -0.28 -0.17 -0.27 -0.04 -0.27 -0.83 -0.11 -0.85 -0.93 -0.72 -0.42 -0.78 -0.13 -1.03 -0.78 -1.38
 1992 12 -0.31 -0.33 -0.30 -0.26 -0.24 -0.28 -0.35 -0.48 -0.31 -0.26 -0.30 -0.24 -0.27 -0.21 -0.35 -0.39 -0.66 -0.32 -0.96 -0.59 -1.56 -0.19 -0.88  0.35 -0.05 -0.31 -0.92
 1993  1 -0.34 -0.26 -0.39 -0.38 -0.29 -0.46 -0.30 -0.20 -0.34 -0.34 -0.50 -0.25 -0.40 -0.22 -0.63 -0.29  0.04 -0.37 -1.36 -0.52 -2.69  0.60  0.52  0.65 -0.26 -0.47 -0.40
 1993  2 -0.29 -0.36 -0.26 -0.28 -0.30 -0.26 -0.31 -0.47 -0.26 -0.44 -0.64 -0.34 -0.18 -0.16 -0.22 -0.25 -0.40 -0.21 -0.04  0.15 -0.35 -0.10 -0.38  0.12 -1.28 -0.80 -0.64
 1993  3 -0.46 -0.44 -0.47 -0.49 -0.42 -0.55 -0.43 -0.48 -0.42 -0.37 -0.47 -0.31 -0.57 -0.40 -0.78 -0.45 -0.48 -0.44 -1.13 -0.38 -2.32 -0.36 -0.69 -0.10 -0.64 -0.43 -0.46
 1993  4 -0.33 -0.53 -0.21 -0.46 -0.65 -0.29 -0.19 -0.30 -0.16 -0.13 -0.31 -0.04 -0.62 -0.73 -0.47 -0.25 -0.36 -0.22 -0.39 -0.56 -0.12 -0.32 -0.75  0.01 -1.01 -0.59  0.04
 1993  5 -0.26 -0.40 -0.17 -0.28 -0.32 -0.24 -0.24 -0.56 -0.13 -0.06 -0.10 -0.04 -0.37 -0.37 -0.36 -0.36 -1.00 -0.19  0.38  0.23  0.63 -1.09 -1.91 -0.44 -0.22  0.06 -0.52
 1993  6 -0.11 -0.26 -0.03 -0.17 -0.30 -0.05 -0.06 -0.19 -0.01  0.02 -0.10  0.08 -0.27 -0.37 -0.14 -0.10 -0.26 -0.05 -0.03 -0.29  0.40 -0.36 -0.99  0.15 -0.73 -0.64 -0.03
 1993  7 -0.11 -0.15 -0.09 -0.17 -0.25 -0.10 -0.05  0.04 -0.08 -0.02 -0.07  0.01 -0.24 -0.31 -0.14 -0.09  0.13 -0.15  0.12  0.11  0.13 -0.21  0.05 -0.42 -0.67 -0.36  0.56
 1993  8 -0.25 -0.37 -0.18 -0.30 -0.42 -0.18 -0.21 -0.29 -0.18 -0.21 -0.28 -0.18 -0.36 -0.51 -0.16 -0.19 -0.16 -0.20 -0.41 -0.47 -0.33  0.01 -0.15  0.14 -0.53 -0.45 -0.01
 1993  9 -0.41 -0.59 -0.31 -0.50 -0.61 -0.39 -0.33 -0.55 -0.26 -0.24 -0.29 -0.21 -0.64 -0.75 -0.49 -0.38 -0.66 -0.30 -0.99 -1.23 -0.59 -0.72 -0.81 -0.66 -0.93 -0.85 -1.23
 1993 10 -0.19 -0.31 -0.11 -0.26 -0.36 -0.17 -0.11 -0.20 -0.08  0.04 -0.06  0.09 -0.42 -0.48 -0.34 -0.19 -0.27 -0.17 -0.58 -0.56 -0.62 -0.54 -0.69 -0.42 -0.66 -0.23 -0.63
 1993 11 -0.17 -0.43 -0.03 -0.27 -0.55 -0.00 -0.08 -0.20 -0.04  0.15  0.10  0.18 -0.48 -0.77 -0.11 -0.21 -0.40 -0.16 -0.46 -0.75  0.00 -0.42 -0.97  0.02 -0.89 -0.69  0.01
 1993 12 -0.01 -0.05  0.02 -0.01  0.02 -0.04 -0.00 -0.20  0.07  0.26  0.18  0.30 -0.13 -0.02 -0.27 -0.16 -0.54 -0.06 -1.26 -0.97 -1.71 -0.90 -1.35 -0.55  0.07  0.21 -0.21
 1994  1 -0.09 -0.19 -0.04 -0.06 -0.19  0.06 -0.13 -0.19 -0.10  0.04  0.04  0.04 -0.11 -0.29  0.11 -0.21 -0.33 -0.18 -0.56 -0.96  0.08 -0.70 -0.77 -0.65 -0.84 -0.48  0.26
 1994  2 -0.24 -0.73  0.04 -0.29 -0.77  0.16 -0.19 -0.65 -0.04 -0.07 -0.17 -0.01 -0.41 -0.98  0.30 -0.25 -1.02 -0.05 -0.65 -1.32  0.42 -1.15 -1.73 -0.69 -1.19 -1.00 -0.61
 1994  3 -0.24 -0.32 -0.20 -0.23 -0.19 -0.26 -0.26 -0.57 -0.16 -0.17 -0.26 -0.13 -0.24 -0.16 -0.34 -0.32 -0.85 -0.18 -1.18 -0.70 -1.95 -0.60 -1.27 -0.07  0.54  0.18 -1.06
 1994  4 -0.16 -0.11 -0.19 -0.11 -0.13 -0.08 -0.21 -0.07 -0.26 -0.13 -0.21 -0.08 -0.09 -0.09 -0.09 -0.26  0.04 -0.34  0.31  0.17  0.53  0.14  0.34 -0.02  0.47  0.50 -0.50
 1994  5 -0.14 -0.14 -0.15  0.01 -0.00  0.02 -0.29 -0.40 -0.26 -0.09 -0.21 -0.04  0.07  0.07  0.07 -0.40 -0.56 -0.36 -0.24  0.12 -0.82 -0.57 -1.08 -0.17  0.10  0.02 -0.31
 1994  6 -0.00  0.15 -0.09  0.04  0.11 -0.03 -0.04  0.24 -0.13 -0.15 -0.27 -0.09  0.13  0.23 -0.00  0.03  0.66 -0.14 -0.40 -0.32 -0.52  0.53  1.51 -0.24  0.92  0.66 -0.23
 1994  7 -0.03  0.00 -0.05  0.05  0.05  0.05 -0.11 -0.09 -0.12 -0.11 -0.27 -0.03  0.12  0.15  0.08 -0.10  0.07 -0.15  0.09  0.36 -0.35  0.10  0.26 -0.02 -0.35 -0.27  0.05
 1994  8 -0.14 -0.23 -0.08 -0.07 -0.07 -0.07 -0.20 -0.54 -0.09 -0.13 -0.30 -0.04 -0.04  0.03 -0.12 -0.24 -0.81 -0.09 -0.13  0.26 -0.76 -1.68 -1.88 -1.51 -0.18  0.16 -0.44
 1994  9 -0.07 -0.04 -0.08 -0.01  0.00 -0.03 -0.12 -0.14 -0.11 -0.01 -0.17  0.08 -0.02  0.07 -0.15 -0.17 -0.14 -0.18 -0.47  0.09 -1.37  0.18  0.00  0.32 -0.12 -0.19 -0.92
 1994 10 -0.25 -0.20 -0.28 -0.04 -0.04 -0.05 -0.45 -0.50 -0.44 -0.19 -0.31 -0.13  0.03  0.04  0.02 -0.58 -0.63 -0.57 -0.32  0.16 -1.08 -0.40 -0.32 -0.47 -0.20 -0.32 -0.82
 1994 11  0.03  0.14 -0.04  0.11  0.10  0.13 -0.06  0.21 -0.15  0.02  0.00  0.04  0.18  0.17  0.19 -0.12  0.28 -0.23 -1.06 -1.16 -0.92  0.62  0.77  0.51 -0.04 -0.40 -0.27
 1994 12  0.03  0.02  0.03 -0.01 -0.01 -0.00  0.07  0.09  0.06  0.20  0.02  0.30 -0.10  0.01 -0.25 -0.02  0.06 -0.04 -0.72 -0.29 -1.41 -0.10 -0.56  0.26  1.45  0.93  0.32
 1995  1  0.02  0.06  0.00  0.19  0.29  0.10 -0.15 -0.37 -0.07  0.14 -0.05  0.23  0.22  0.42 -0.03 -0.29 -0.69 -0.19  0.68  1.25 -0.22 -0.89 -1.45 -0.44  0.05  0.25 -0.39
 1995  2 -0.02  0.11 -0.10  0.13  0.34 -0.07 -0.18 -0.33 -0.13 -0.00 -0.26  0.13  0.21  0.56 -0.23 -0.28 -0.46 -0.24  0.50  1.08 -0.43 -0.46 -0.49 -0.43  0.53  0.51 -0.90
 1995  3 -0.13 -0.20 -0.08 -0.17 -0.22 -0.13 -0.09 -0.18 -0.05  0.04 -0.12  0.12 -0.28 -0.22 -0.36 -0.15 -0.30 -0.11 -0.86 -0.50 -1.45 -0.01 -0.16  0.12  0.53  0.17 -0.41
 1995  4  0.10  0.03  0.15  0.17  0.04  0.29  0.04  0.01  0.05  0.17  0.12  0.19  0.15  0.01  0.33 -0.01 -0.09  0.01  1.80  1.53  2.24  0.17  0.00  0.30 -1.19 -0.62 -0.46
 1995  5 -0.02 -0.10  0.03  0.08 -0.03  0.19 -0.12 -0.23 -0.08  0.05  0.04  0.05  0.11 -0.05  0.31 -0.21 -0.46 -0.14  0.52  0.52  0.52 -0.78 -1.21 -0.43 -1.12 -0.56 -0.24
 1995  6  0.07  0.20 -0.01  0.21  0.32  0.11 -0.08 -0.04 -0.09  0.24  0.29  0.21  0.19  0.31  0.04 -0.23 -0.26 -0.23  0.18  0.23  0.10  0.03 -0.33  0.32 -0.49 -0.41 -0.40
 1995  7  0.03  0.21 -0.08  0.02  0.01  0.03  0.04  0.62 -0.16  0.09  0.20  0.03  0.02 -0.01  0.07 -0.03  0.84 -0.26 -0.18 -0.48  0.31  1.35  2.31  0.59 -0.09  0.01 -0.03
 1995  8  0.20  0.39  0.09  0.24  0.29  0.19  0.17  0.61  0.02  0.25  0.31  0.21  0.29  0.33  0.24  0.07  0.69 -0.10  0.56  0.55  0.58  0.41  0.83  0.07  1.24  0.96  1.04
 1995  9  0.11  0.05  0.13  0.16  0.02  0.29  0.05  0.13  0.03  0.15  0.19  0.13  0.17 -0.02  0.42 -0.01  0.02 -0.02  0.68  0.42  1.10 -0.54 -0.59 -0.49 -0.32  0.19  0.39
 1995 10 -0.02  0.06 -0.06 -0.04  0.10 -0.17  0.01 -0.01  0.01  0.04  0.13 -0.01 -0.08  0.10 -0.30 -0.01 -0.15  0.02 -0.99 -0.70 -1.45 -0.09 -0.42  0.18  0.23  0.18  0.41
 1995 11  0.04  0.15 -0.03  0.24  0.22  0.25 -0.16  0.02 -0.22 -0.02  0.06 -0.06  0.35  0.28  0.44 -0.21 -0.01 -0.26  0.92  0.65  1.36 -0.63 -0.23 -0.94 -0.34 -0.23  0.24
 1995 12 -0.21 -0.38 -0.11 -0.39 -0.46 -0.32 -0.03 -0.21  0.03 -0.22 -0.27 -0.20 -0.48 -0.50 -0.46  0.07 -0.24  0.16 -0.65 -0.61 -0.71 -0.42 -0.82 -0.11 -0.01 -0.12  0.30
 1996  1 -0.19 -0.43 -0.05 -0.19 -0.44  0.05 -0.19 -0.40 -0.12 -0.26 -0.15 -0.32 -0.18 -0.55  0.30 -0.12 -0.54 -0.01  0.63  0.14  1.41 -0.57 -0.85 -0.35 -0.64 -0.73 -0.12
 1996  2 -0.00 -0.05  0.03 -0.05 -0.07 -0.04  0.05 -0.02  0.07 -0.08 -0.02 -0.11 -0.03 -0.09  0.04  0.11 -0.00  0.13 -0.18 -0.05 -0.40  0.19  0.39  0.02  0.50  0.29 -0.13
 1996  3 -0.03 -0.27  0.11 -0.16 -0.43  0.10  0.09  0.03  0.11 -0.01  0.03 -0.03 -0.24 -0.58  0.20  0.14  0.04  0.17  0.91  0.68  1.27  0.25  0.09  0.39 -1.25 -0.63  0.11
 1996  4 -0.16 -0.34 -0.05 -0.44 -0.70 -0.20  0.13  0.37  0.05 -0.12 -0.13 -0.12 -0.60 -0.86 -0.26  0.25  0.70  0.12  0.15 -0.32  0.89  0.88  1.60  0.32 -0.57 -0.53  0.35
 1996  5 -0.20 -0.23 -0.17 -0.21 -0.15 -0.26 -0.19 -0.40 -0.11 -0.10 -0.12 -0.09 -0.27 -0.16 -0.41 -0.22 -0.63 -0.11 -0.77 -0.69 -0.89 -1.17 -1.70 -0.75  0.13  0.23  0.16
 1996  6 -0.18 -0.19 -0.18 -0.18 -0.17 -0.19 -0.19 -0.23 -0.18 -0.06 -0.12 -0.03 -0.22 -0.16 -0.29 -0.28 -0.40 -0.25 -0.88 -0.65 -1.26 -0.25 -0.59  0.02  0.73  0.49  0.34
 1996  7 -0.09 -0.10 -0.08 -0.12 -0.14 -0.10 -0.06 -0.02 -0.07  0.00 -0.02  0.02 -0.17 -0.17 -0.18 -0.10 -0.05 -0.11 -0.76 -0.40 -1.32 -0.17  0.01 -0.32 -0.03 -0.14  0.23
 1996  8  0.04  0.10  0.01 -0.19 -0.27 -0.11  0.27  0.82  0.09 -0.08  0.01 -0.12 -0.21 -0.33 -0.06  0.42  1.39  0.16 -0.84 -0.89 -0.76  2.21  3.23  1.39  0.06 -0.16  0.05
 1996  9  0.02 -0.04  0.06 -0.14 -0.23 -0.05  0.19  0.33  0.14  0.03  0.02  0.03 -0.24 -0.32 -0.14  0.28  0.58  0.20 -0.02 -0.08  0.08  0.83  1.17  0.56 -0.99 -1.05  0.47
 1996 10 -0.04 -0.11  0.00 -0.07 -0.14 -0.00 -0.01 -0.06  0.01 -0.03 -0.04 -0.03 -0.11 -0.19 -0.02  0.03 -0.03  0.04 -0.19 -0.26 -0.10 -0.27 -0.50 -0.09  0.21 -0.17  0.44
 1996 11  0.01  0.09 -0.04  0.18  0.16  0.19 -0.16 -0.05 -0.19 -0.15 -0.22 -0.12  0.35  0.30  0.41 -0.16  0.07 -0.22  1.54  1.62  1.41  0.45  0.56  0.36 -0.75 -0.16  0.01
 1996 12 -0.08  0.02 -0.13 -0.01  0.02 -0.04 -0.14  0.02 -0.20 -0.21 -0.17 -0.23  0.12  0.11  0.14 -0.14  0.09 -0.20  0.32  0.13  0.63 -0.02  0.15 -0.16 -0.04 -0.01  0.05
 1997  1 -0.18 -0.19 -0.17 -0.35 -0.18 -0.51 -0.00 -0.20  0.06 -0.34 -0.37 -0.33 -0.34 -0.11 -0.63  0.16 -0.08  0.23 -0.87 -0.48 -1.51 -0.22 -0.31 -0.15 -0.45 -0.51 -0.36
 1997  2 -0.09 -0.20 -0.03 -0.13 -0.22 -0.05 -0.06 -0.17 -0.02 -0.28 -0.31 -0.26 -0.08 -0.17  0.03  0.08 -0.10  0.13 -0.96 -0.81 -1.21 -0.43 -0.82 -0.12  0.26  0.53  1.16
 1997  3 -0.14 -0.20 -0.10 -0.15 -0.26 -0.05 -0.12 -0.07 -0.14 -0.28 -0.23 -0.31 -0.08 -0.22  0.11 -0.05 -0.08 -0.05 -0.07 -0.47  0.57  0.35  0.09  0.55  0.87  0.42 -0.19
 1997  4 -0.32 -0.38 -0.28 -0.34 -0.33 -0.35 -0.29 -0.49 -0.23 -0.41 -0.56 -0.34 -0.29 -0.22 -0.39 -0.24 -0.52 -0.16  0.08  0.74 -0.97 -0.42 -0.86 -0.07 -1.95 -1.51 -0.60
 1997  5 -0.14 -0.36 -0.00 -0.17 -0.30 -0.05 -0.10 -0.47  0.03 -0.17 -0.35 -0.07 -0.18 -0.28 -0.05 -0.06 -0.59  0.08 -0.22 -0.32 -0.05 -0.63 -1.09 -0.26 -0.52 -0.33 -0.37
 1997  6 -0.06  0.05 -0.12 -0.03  0.05 -0.12 -0.08  0.06 -0.13 -0.06 -0.03 -0.07 -0.03  0.08 -0.16 -0.08  0.14 -0.14  0.18  0.05  0.38  0.70  1.02  0.44  0.07  0.17 -1.09
 1997  7  0.01 -0.04  0.04  0.08 -0.02  0.18 -0.05 -0.07 -0.04  0.36  0.30  0.40 -0.07 -0.12 -0.01 -0.27 -0.39 -0.23 -0.23 -0.28 -0.16 -0.66 -1.19 -0.23 -0.17 -0.11 -0.68
 1997  8  0.02 -0.01  0.04  0.12  0.13  0.12 -0.08 -0.28 -0.01  0.30  0.25  0.33  0.02  0.06 -0.03 -0.28 -0.64 -0.18 -0.08  0.32 -0.72 -1.09 -1.54 -0.73 -0.38 -0.12 -0.45
 1997  9 -0.03  0.01 -0.05  0.13  0.07  0.18 -0.19 -0.12 -0.22  0.36  0.40  0.33  0.02 -0.04  0.09 -0.49 -0.54 -0.47  0.74  0.78  0.69 -1.15 -1.22 -1.10  0.84  0.98 -0.36
 1997 10  0.02  0.02  0.01  0.06  0.08  0.03 -0.03 -0.08 -0.01  0.28  0.23  0.30 -0.05  0.03 -0.15 -0.19 -0.33 -0.16  0.06  0.28 -0.28 -0.29 -0.24 -0.33 -0.42 -0.62 -0.59
 1997 11  0.09  0.08  0.09 -0.03 -0.18  0.10  0.20  0.58  0.08  0.36  0.31  0.39 -0.19 -0.33 -0.01  0.07  0.77 -0.12 -0.16 -0.68  0.67  1.23  2.00  0.63 -1.18 -0.86 -0.04
 1997 12  0.22  0.24  0.21  0.13  0.03  0.22  0.31  0.63  0.21  0.68  0.51  0.76 -0.14 -0.14 -0.15  0.11  0.76 -0.07 -0.76 -0.80 -0.69  0.57  1.03  0.21 -0.23 -0.55  0.86
 1998  1  0.47  0.30  0.57  0.42  0.22  0.62  0.52  0.48  0.54  1.06  0.90  1.14  0.08 -0.01  0.19  0.26  0.14  0.29  0.54  0.40  0.78 -0.31 -0.64 -0.05  0.55  0.53  0.81
 1998  2  0.65  0.91  0.50  0.67  0.90  0.45  0.63  0.92  0.54  1.26  1.16  1.32  0.34  0.81 -0.27  0.33  0.73  0.22 -1.71 -1.27 -2.41  0.78  0.79  0.78  0.60  0.66  0.88
 1998  3  0.42  0.24  0.52  0.46  0.20  0.70  0.38  0.33  0.39  1.03  0.92  1.09  0.16 -0.02  0.38  0.03 -0.19  0.09  0.02 -0.13  0.27 -0.81 -1.17 -0.52 -0.58  0.02  0.62
 1998  4  0.66  0.61  0.69  0.81  0.76  0.87  0.50  0.31  0.56  1.05  1.12  1.02  0.71  0.63  0.81  0.19 -0.32  0.32  0.50 -0.00  1.31 -0.72 -1.55 -0.06 -0.97 -0.62  0.40
 1998  5  0.56  0.69  0.49  0.55  0.59  0.52  0.58  0.89  0.47  0.89  0.90  0.88  0.43  0.49  0.36  0.36  0.86  0.23 -0.09  0.01 -0.25  0.90  0.77  1.00  1.05  0.92  1.40
 1998  6  0.51  0.69  0.41  0.57  0.61  0.53  0.46  0.85  0.32  0.53  0.56  0.51  0.63  0.66  0.59  0.38  1.01  0.21  0.70  0.98  0.24  0.86  1.28  0.52 -0.35 -0.31  0.43
 1998  7  0.44  0.55  0.37  0.58  0.66  0.51  0.29  0.34  0.28  0.39  0.53  0.32  0.72  0.76  0.67  0.21  0.05  0.25  0.92  0.91  0.94 -0.67 -0.68 -0.67  0.72  0.65  0.04
 1998  8  0.44  0.53  0.39  0.45  0.53  0.38  0.44  0.54  0.40  0.40  0.47  0.36  0.51  0.58  0.41  0.43  0.49  0.41  0.55  0.52  0.60  0.13  0.35 -0.04  0.63  0.32  1.13
 1998  9  0.33  0.30  0.35  0.43  0.43  0.42  0.24  0.05  0.30  0.26  0.28  0.25  0.52  0.49  0.56  0.22 -0.16  0.32  0.04 -0.42  0.76 -0.18 -0.59  0.15  1.71  1.42  0.52
 1998 10  0.29  0.37  0.25  0.40  0.50  0.31  0.18  0.12  0.21  0.29  0.35  0.26  0.45  0.55  0.33  0.14 -0.09  0.20 -0.33 -0.53 -0.01 -0.74 -0.79 -0.69  0.71  0.72  0.60
 1998 11  0.08  0.01  0.12  0.13  0.04  0.23  0.03 -0.05  0.05  0.08  0.16  0.04  0.16 -0.02  0.38  0.01 -0.17  0.06  0.69  0.01  1.78 -0.76 -0.71 -0.80  0.76  0.95  0.48
 1998 12  0.19  0.23  0.16  0.28  0.42  0.14  0.10 -0.13  0.18  0.00  0.12 -0.06  0.42  0.51  0.32  0.15 -0.30  0.28  0.46  0.25  0.81 -0.79 -1.00 -0.61  0.94  0.75  0.22
 1999  1  0.02  0.20 -0.08  0.17  0.32  0.02 -0.12 -0.05 -0.14 -0.24 -0.07 -0.33  0.39  0.45  0.33 -0.07 -0.02 -0.08 -0.47 -0.59 -0.27 -1.01 -0.58 -1.34  0.83  0.37  1.00
 1999  2  0.13  0.39 -0.02  0.25  0.64 -0.12  0.01 -0.11  0.05 -0.28 -0.06 -0.39  0.53  0.86  0.12  0.16 -0.11  0.23 -0.05  0.13 -0.34 -0.37 -0.47 -0.28  1.57  0.61 -0.22
 1999  3 -0.11 -0.12 -0.10 -0.05 -0.13  0.02 -0.17 -0.09 -0.19 -0.25 -0.09 -0.33  0.06 -0.17  0.36 -0.13 -0.02 -0.17  0.55  0.05  1.35 -0.28 -0.47 -0.12  0.39  0.10  0.19
 1999  4 -0.03 -0.03 -0.03  0.23  0.35  0.12 -0.30 -0.77 -0.14 -0.29 -0.23 -0.33  0.52  0.52  0.51 -0.31 -1.19 -0.07  0.22  0.31  0.08 -1.13 -2.09 -0.37  0.26  0.13 -1.16
 1999  5 -0.06 -0.01 -0.10  0.05  0.17 -0.07 -0.18 -0.34 -0.12 -0.39 -0.32 -0.43  0.28  0.33  0.21 -0.06 -0.36  0.02  0.19  0.06  0.38 -0.88 -1.31 -0.54  0.03 -0.05  0.47
 1999  6 -0.18 -0.03 -0.27 -0.01  0.05 -0.07 -0.35 -0.18 -0.40 -0.37 -0.25 -0.43  0.18  0.13  0.24 -0.33 -0.06 -0.40  0.21  0.14  0.31  0.32  0.51  0.16 -0.16  0.04 -0.45
 1999  7 -0.07 -0.00 -0.12 -0.03  0.06 -0.11 -0.12 -0.13 -0.12 -0.30 -0.28 -0.32  0.13  0.18  0.06 -0.03 -0.02 -0.04 -0.01 -0.33  0.50 -0.08 -0.46  0.22  0.38  0.38  0.56
 1999  8 -0.13 -0.10 -0.14 -0.09 -0.09 -0.09 -0.17 -0.13 -0.18 -0.28 -0.33 -0.26  0.03  0.00  0.07 -0.12  0.00 -0.16 -0.20 -0.56  0.37 -0.37 -0.45 -0.30  0.27  0.31  0.24
 1999  9  0.01  0.15 -0.08  0.07  0.23 -0.07 -0.06  0.02 -0.08 -0.31 -0.23 -0.35  0.27  0.37  0.15  0.08  0.24  0.03  0.56  0.40  0.81  0.39  0.48  0.32 -0.28 -0.21  0.32
 1999 10 -0.05  0.01 -0.08 -0.07  0.01 -0.14 -0.03 -0.00 -0.05 -0.29 -0.27 -0.30  0.06  0.11 -0.02  0.09  0.19  0.07 -0.08 -0.02 -0.18  0.11  0.30 -0.04  0.68  0.35 -0.06
 1999 11 -0.09 -0.07 -0.10  0.10  0.17  0.03 -0.27 -0.53 -0.19 -0.27 -0.21 -0.31  0.26  0.25  0.28 -0.24 -0.67 -0.13  0.10 -0.06  0.35 -0.56 -0.58 -0.55  2.22  1.65 -1.74
 1999 12 -0.09 -0.03 -0.12  0.13  0.39 -0.11 -0.31 -0.84 -0.13 -0.29 -0.17 -0.35  0.37  0.59  0.09 -0.34 -1.45 -0.04 -0.36 -0.03 -0.89 -1.62 -2.64 -0.81  1.05  0.35 -0.95
 2000  1 -0.34 -0.51 -0.24 -0.26 -0.31 -0.22 -0.42 -0.91 -0.25 -0.34 -0.15 -0.44 -0.21 -0.38  0.01 -0.47 -1.48 -0.21 -0.73 -0.80 -0.62 -2.00 -2.70 -1.45  0.49  0.16 -0.80
 2000  2 -0.09 -0.08 -0.10 -0.03  0.09 -0.14 -0.16 -0.42 -0.07 -0.43 -0.44 -0.42  0.21  0.29  0.10 -0.05 -0.48  0.07  0.48  0.66  0.21 -0.60 -0.95 -0.32  1.95  1.94  0.03
 2000  3 -0.06 -0.04 -0.08 -0.06  0.10 -0.21 -0.07 -0.30  0.01 -0.42 -0.35 -0.46  0.14  0.23  0.03  0.11 -0.22  0.19  0.41  0.47  0.32 -0.48 -0.62 -0.37  1.31  1.30  0.18
 2000  4  0.03  0.25 -0.10  0.17  0.50 -0.15 -0.11 -0.22 -0.07 -0.28 -0.22 -0.31  0.41  0.72  0.00 -0.03 -0.20  0.02  0.57  0.89  0.07 -0.63 -0.52 -0.71  0.57  0.50 -0.21
 2000  5  0.04  0.06  0.04  0.05  0.20 -0.09  0.04 -0.21  0.12 -0.17 -0.14 -0.18  0.17  0.31 -0.01  0.14 -0.27  0.25 -0.23  0.01 -0.60 -0.03 -0.23  0.13  1.43  0.86 -0.50
 2000  6 -0.00  0.02 -0.02 -0.05  0.03 -0.12  0.04  0.00  0.05 -0.28 -0.26 -0.29  0.08  0.11  0.04  0.20  0.23  0.19 -0.27  0.04 -0.76  0.49  0.90  0.15  0.08  0.09 -0.88
 2000  7 -0.09  0.02 -0.15 -0.07  0.11 -0.24 -0.10 -0.15 -0.09 -0.29 -0.28 -0.29 -0.00  0.18 -0.23  0.04  0.10  0.03  0.10  0.38 -0.35  0.66  0.84  0.53  0.01 -0.08 -0.17
 2000  8 -0.12 -0.01 -0.19  0.01  0.11 -0.09 -0.25 -0.26 -0.25 -0.15 -0.19 -0.13  0.08  0.20 -0.06 -0.30 -0.27 -0.30  0.21  0.21  0.21 -0.07  0.29 -0.36  0.53  0.32 -0.72
 2000  9 -0.00  0.07 -0.04  0.05  0.05  0.04 -0.05  0.09 -0.10 -0.18 -0.13 -0.20  0.16  0.10  0.23  0.02  0.32 -0.06 -0.10 -0.16 -0.02  0.63  1.04  0.31  0.52  0.32  0.77
 2000 10 -0.02 -0.15  0.05 -0.03 -0.14  0.08 -0.02 -0.17  0.03 -0.04 -0.10 -0.01 -0.02 -0.14  0.14 -0.02 -0.26  0.05  0.64  0.42  1.01 -0.29 -0.67  0.02  0.09  0.04 -0.40
 2000 11 -0.01 -0.04  0.01 -0.03 -0.17  0.11  0.01  0.22 -0.06  0.05  0.04  0.06 -0.08 -0.25  0.13  0.00  0.38 -0.10  0.79  0.80  0.77  0.84  1.57  0.26 -1.66 -1.14 -0.07
 2000 12 -0.05 -0.05 -0.05 -0.00 -0.05  0.04 -0.09 -0.05 -0.11  0.00 -0.00  0.00 -0.04 -0.07 -0.01 -0.11 -0.08 -0.11  0.56  0.54  0.60 -0.31 -0.01 -0.55 -1.52 -0.90 -0.13
 2001  1 -0.05  0.00 -0.08  0.00  0.09 -0.08 -0.10 -0.17 -0.08 -0.24 -0.24 -0.24  0.10  0.17  0.02 -0.00 -0.02  0.00  0.27  0.17  0.44 -0.22 -0.25 -0.19 -0.23  0.07  0.48
 2001  2  0.05 -0.08  0.12 -0.09 -0.22  0.04  0.18  0.20  0.17 -0.13 -0.14 -0.13 -0.05 -0.24  0.19  0.33  0.46  0.29  0.49  0.04  1.22 -0.00  0.40 -0.32 -0.51 -0.11  0.56
 2001  3  0.03  0.18 -0.06  0.15  0.37 -0.06 -0.09 -0.18 -0.06 -0.24 -0.34 -0.19  0.38  0.62  0.07 -0.04 -0.09 -0.02  0.20  0.44 -0.18 -0.09  0.08 -0.21 -0.86 -0.80 -0.70
 2001  4  0.17  0.16  0.18  0.20  0.25  0.15  0.15 -0.01  0.20  0.01 -0.00  0.02  0.30  0.34  0.26  0.21 -0.01  0.27 -0.07  0.23 -0.56 -0.14 -0.15 -0.13  0.59  0.52 -0.26
 2001  5  0.19  0.37  0.08  0.30  0.53  0.07  0.08  0.05  0.09 -0.02 -0.04 -0.01  0.45  0.70  0.13  0.14  0.18  0.13  0.20  0.59 -0.42  0.69  0.98  0.45  0.50 -0.07 -0.81
 2001  6 -0.01  0.03 -0.04  0.00  0.10 -0.09 -0.02 -0.10  0.00 -0.21 -0.37 -0.12  0.12  0.25 -0.05  0.07  0.13  0.05  0.30  0.64 -0.25 -0.11  0.06 -0.25  0.04  0.15  0.22
 2001  7  0.06  0.14  0.02  0.12  0.21  0.03  0.01 -0.01  0.01 -0.03 -0.09 -0.00  0.18  0.29  0.04  0.04  0.12  0.02  0.25  0.57 -0.25  0.48  0.68  0.32  0.39  0.26 -0.51
 2001  8  0.24  0.17  0.29  0.36  0.40  0.32  0.13 -0.27  0.26  0.18  0.11  0.22  0.42  0.48  0.34  0.13 -0.53  0.31  0.67  0.74  0.54 -0.78 -1.90  0.11  0.66  0.70  0.03
 2001  9  0.09 -0.03  0.16  0.10  0.02  0.18  0.07 -0.11  0.14 -0.04 -0.04 -0.04  0.17  0.03  0.34  0.14 -0.15  0.22  0.56  0.35  0.91 -0.36 -0.33 -0.38  0.25  0.31 -0.20
 2001 10  0.18 -0.02  0.30  0.13  0.06  0.20  0.23 -0.18  0.37  0.17  0.09  0.20  0.10  0.04  0.17  0.28 -0.38  0.46 -0.10 -0.11 -0.10 -0.17 -0.58  0.16 -0.01 -0.21 -1.25
 2001 11  0.17  0.20  0.15  0.24  0.37  0.11  0.10 -0.13  0.18  0.13  0.07  0.16  0.28  0.47  0.04  0.10 -0.31  0.20  0.03  0.33 -0.43 -0.47 -0.45 -0.48  1.57  1.34 -0.29
 2001 12  0.17 -0.01  0.27  0.20  0.07  0.31  0.14 -0.17  0.24  0.18  0.14  0.20  0.19  0.05  0.35  0.14 -0.42  0.29  1.39  1.24  1.63 -0.77 -0.73 -0.80  0.43  0.06 -0.73
 2002  1  0.20  0.24  0.18  0.34  0.38  0.30  0.06 -0.03  0.09  0.00 -0.08  0.04  0.53  0.58  0.46  0.08 -0.13  0.13  0.50  0.32  0.79  0.01  0.41 -0.30  0.50  0.57 -0.68
 2002  2  0.18  0.28  0.12  0.28  0.58  0.00  0.08 -0.29  0.20  0.06  0.06  0.06  0.39  0.76 -0.08  0.09 -0.60  0.28 -1.48 -0.89 -2.43 -0.30 -0.74  0.05  0.36  0.10 -0.89
 2002  3  0.24  0.35  0.17  0.35  0.36  0.33  0.13  0.32  0.07  0.12  0.05  0.16  0.48  0.48  0.48  0.12  0.50  0.02  1.20  0.87  1.72  1.01  1.33  0.76 -1.20 -0.74 -0.18
 2002  4  0.23  0.16  0.27  0.23  0.07  0.38  0.24  0.34  0.20  0.06  0.05  0.07  0.34  0.09  0.65  0.30  0.54  0.24 -0.07  0.04 -0.23  0.48  1.04  0.04  0.95  0.82  0.51
 2002  5  0.31  0.38  0.27  0.25  0.16  0.34  0.37  0.79  0.23  0.26  0.22  0.28  0.23  0.13  0.37  0.44  1.29  0.21  0.90  0.74  1.14  1.76  2.82  0.92 -0.58 -0.21  0.51
 2002  6  0.31  0.28  0.33  0.23  0.27  0.19  0.40  0.31  0.43  0.17  0.07  0.23  0.27  0.34  0.18  0.50  0.48  0.50  0.61  0.69  0.49  0.59  0.56  0.61  1.06  0.86  1.15
 2002  7  0.22  0.27  0.19  0.31  0.36  0.26  0.13  0.10  0.14  0.32  0.26  0.35  0.24  0.33  0.14  0.08  0.14  0.07 -0.02  0.01 -0.07 -0.08  0.28 -0.36  1.00  0.74  0.39
 2002  8  0.17 -0.03  0.29  0.06 -0.01  0.11  0.29 -0.07  0.42  0.15  0.02  0.22 -0.01 -0.04  0.03  0.38 -0.07  0.51  0.26  0.08  0.55  0.07 -0.48  0.51 -0.03 -0.14 -0.02
 2002  9  0.25  0.12  0.32  0.15  0.04  0.25  0.34  0.25  0.37  0.15  0.01  0.23  0.13  0.02  0.26  0.46  0.54  0.44  0.20  0.04  0.46  1.38  1.39  1.36  0.32  0.45  0.13
 2002 10  0.13  0.04  0.19 -0.10 -0.31  0.09  0.37  0.72  0.25  0.15  0.13  0.17 -0.21 -0.40  0.04  0.45  1.07  0.29  1.36  0.86  2.16  1.44  1.73  1.21 -1.46 -0.72  1.20
 2002 11  0.25  0.28  0.24  0.21  0.18  0.24  0.29  0.46  0.23  0.21  0.12  0.26  0.22  0.22  0.23  0.32  0.69  0.22  1.26  1.12  1.47  1.14  1.33  0.98 -0.61  0.06  0.65
 2002 12  0.15 -0.10  0.29  0.03 -0.22  0.27  0.27  0.14  0.31  0.37  0.25  0.43 -0.14 -0.35  0.13  0.20 -0.01  0.26  1.05  0.41  2.09  0.27  0.01  0.49  0.13  0.32 -0.03
 2003  1  0.29  0.44  0.20  0.43  0.52  0.35  0.15  0.29  0.10  0.35  0.30  0.38  0.47  0.61  0.31  0.04  0.25 -0.01  0.76  0.86  0.60  0.50  0.55  0.46  0.64  1.01  0.08
 2003  2  0.18  0.10  0.22  0.10 -0.07  0.27  0.25  0.42  0.19  0.37  0.28  0.41 -0.05 -0.20  0.15  0.20  0.59  0.09  0.25  0.36  0.08  0.57  1.36 -0.05 -0.76 -0.27 -0.07
 2003  3  0.09  0.00  0.14  0.08 -0.06  0.21  0.10  0.12  0.09  0.17  0.04  0.24  0.02 -0.10  0.17  0.07  0.19  0.04  0.64  0.70  0.53  0.11  0.48 -0.18 -0.17 -0.12 -0.68
 2003  4  0.15  0.11  0.17  0.28  0.16  0.40  0.01  0.01  0.01  0.16  0.11  0.18  0.34  0.17  0.55 -0.05 -0.05 -0.05  0.83  0.69  1.05 -0.03 -0.11  0.04  0.26  0.47 -0.13
 2003  5  0.22  0.23  0.22  0.36  0.35  0.38  0.08 -0.00  0.11  0.17  0.17  0.16  0.44  0.39  0.51  0.06 -0.09  0.10  0.57  0.54  0.61 -0.91 -0.90 -0.93  0.18  0.07  0.38
 2003  6  0.03 -0.06  0.09  0.09  0.00  0.17 -0.02 -0.19  0.03 -0.05 -0.09 -0.02  0.17  0.05  0.32 -0.03 -0.33  0.06  0.30  0.05  0.69 -0.82 -1.20 -0.52 -0.29 -0.18 -0.04
 2003  7  0.11  0.03  0.16  0.09  0.10  0.08  0.13 -0.09  0.21  0.14  0.04  0.19  0.07  0.12  0.01  0.12 -0.23  0.21  0.40  0.65 -0.02 -0.70 -1.05 -0.43  0.66  0.63  0.45
 2003  8  0.11  0.02  0.17  0.21  0.26  0.16  0.02 -0.45  0.17  0.08 -0.13  0.18  0.26  0.36  0.13  0.00 -0.64  0.17  0.86  1.14  0.40  0.10 -0.56  0.62  0.58  0.45 -0.58
 2003  9  0.19  0.21  0.18  0.27  0.26  0.27  0.11  0.10  0.12  0.10 -0.03  0.17  0.33  0.36  0.31  0.14  0.22  0.12  0.65  1.00  0.07  0.52  0.33  0.66 -0.24 -0.24  0.43
 2003 10  0.30  0.24  0.33  0.44  0.38  0.50  0.15 -0.05  0.22  0.25  0.19  0.28  0.53  0.44  0.64  0.12 -0.22  0.21  1.46  1.42  1.53 -0.25 -0.23 -0.27  0.82  1.20 -0.77
 2003 11  0.21  0.14  0.25  0.29  0.17  0.40  0.14  0.09  0.16  0.23  0.18  0.25  0.31  0.17  0.49  0.10  0.02  0.12  0.85  0.65  1.17  0.13  0.06  0.18 -0.08  0.03 -0.11
 2003 12  0.37  0.50  0.29  0.49  0.57  0.41  0.25  0.35  0.21  0.22  0.11  0.28  0.65  0.75  0.51  0.24  0.45  0.18  0.48  0.91 -0.22  0.53  1.06  0.11  0.64  0.46  0.47
 2004  1  0.19  0.13  0.23  0.19  0.12  0.26  0.19  0.14  0.21  0.21  0.16  0.24  0.19  0.11  0.28  0.16  0.10  0.18  1.22  1.12  1.38  0.01  0.21 -0.14 -0.33 -0.20 -0.30
 2004  2  0.21  0.43  0.08  0.44  0.55  0.34 -0.01  0.21 -0.09  0.16 -0.04  0.26  0.54  0.71  0.32 -0.05  0.47 -0.19  0.82  1.09  0.38  0.44  1.01 -0.01 -0.50 -0.33  0.48
 2004  3  0.32  0.33  0.31  0.49  0.40  0.58  0.15  0.21  0.13  0.23  0.18  0.26  0.62  0.48  0.80  0.11  0.21  0.09  0.16 -0.11  0.59  0.14  0.36 -0.03  1.49  1.14  0.19
 2004  4  0.15  0.01  0.23  0.18 -0.05  0.40  0.12  0.14  0.12  0.07 -0.01  0.11  0.25 -0.04  0.62  0.14  0.18  0.13  0.73  0.02  1.88 -0.14  0.13 -0.35  0.26  0.47  0.19
 2004  5  0.05 -0.11  0.15  0.15  0.03  0.27 -0.05 -0.38  0.06  0.06 -0.03  0.11  0.18  0.01  0.39 -0.08 -0.56  0.05  0.41  0.26  0.65 -0.81 -0.97 -0.68  0.16  0.56 -0.47
 2004  6  0.02 -0.18  0.14 -0.11 -0.26  0.03  0.16 -0.03  0.22 -0.08 -0.24  0.01 -0.14 -0.27  0.03  0.29  0.17  0.32  0.01  0.00  0.02 -0.19 -0.52  0.07 -0.87 -0.33  1.08
 2004  7 -0.19 -0.50 -0.01 -0.19 -0.32 -0.07 -0.18 -0.85  0.04 -0.17 -0.24 -0.14 -0.23 -0.36 -0.06 -0.17 -1.33  0.14  0.03 -0.07  0.20 -1.86 -3.13 -0.84 -0.57 -0.33 -0.12
 2004  8 -0.06 -0.28  0.08  0.01 -0.18  0.18 -0.12 -0.48  0.00  0.07 -0.05  0.14 -0.06 -0.24  0.17 -0.19 -0.78 -0.03  0.36  0.22  0.57 -0.99 -1.60 -0.51 -1.41 -0.77 -0.65
 2004  9  0.12 -0.02  0.21  0.13  0.10  0.16  0.11 -0.27  0.24 -0.03 -0.12  0.01  0.22  0.17  0.28  0.18 -0.37  0.33  0.10  0.06  0.17 -0.27 -0.99  0.30  0.34  0.04 -0.66
 2004 10  0.25  0.15  0.31  0.23  0.09  0.37  0.26  0.27  0.26  0.15  0.07  0.19  0.29  0.10  0.52  0.31  0.41  0.29  0.33  0.07  0.75  0.45  0.71  0.24  0.20  0.36  0.95
 2004 11  0.16  0.28  0.09  0.30  0.37  0.24  0.01  0.09 -0.02  0.22  0.14  0.26  0.34  0.45  0.21 -0.09  0.06 -0.13  0.01  0.24 -0.37  0.11  0.10  0.13  0.22  0.24 -0.15
 2004 12  0.10  0.02  0.14  0.12 -0.10  0.34  0.07  0.25  0.01  0.27  0.21  0.30  0.04 -0.22  0.37 -0.03  0.32 -0.12 -1.00 -1.21 -0.65  0.50  1.18 -0.03  0.38  0.33 -0.29
 2005  1  0.31  0.27  0.33  0.40  0.23  0.56  0.21  0.35  0.17  0.28  0.18  0.33  0.49  0.29  0.74  0.16  0.37  0.10  1.28  1.02  1.71  0.57  0.87  0.34  1.29  1.47  0.24
 2005  2  0.19  0.02  0.29  0.17 -0.15  0.48  0.21  0.35  0.16  0.52  0.62  0.47 -0.02 -0.42  0.49  0.06  0.19  0.02  1.27  0.78  2.04 -0.25  0.00 -0.44  0.81  0.68  0.13
 2005  3  0.22  0.24  0.22  0.39  0.26  0.52  0.06  0.19  0.01  0.46  0.42  0.49  0.34  0.19  0.53 -0.14  0.05 -0.19  1.25  1.03  1.60 -0.06  0.32 -0.37 -0.82 -0.40  0.14
 2005  4  0.36  0.48  0.30  0.57  0.66  0.47  0.16  0.12  0.18  0.38  0.32  0.41  0.65  0.79  0.47  0.06 -0.07  0.10  1.33  1.54  0.98 -0.32 -0.75  0.02  0.29  0.43  1.43
 2005  5  0.21  0.18  0.23  0.16  0.20  0.12  0.26  0.13  0.31  0.18  0.08  0.23  0.15  0.26 -0.00  0.31  0.11  0.36  1.31  1.49  1.02 -0.05 -0.28  0.13 -0.76 -0.29  0.62
 2005  6  0.23  0.27  0.21  0.30  0.25  0.34  0.16  0.31  0.12  0.28  0.33  0.25  0.30  0.26  0.35  0.11  0.22  0.09  0.68  0.45  1.05  0.30  0.22  0.36  0.15  0.23  0.07
 2005  7  0.28  0.32  0.26  0.34  0.29  0.40  0.22  0.38  0.16  0.32  0.26  0.35  0.36  0.31  0.43  0.15  0.43  0.08  0.39  0.25  0.61  0.04  0.15 -0.04  0.59  0.40  0.50
 2005  8  0.14  0.13  0.15  0.17  0.14  0.20  0.11  0.12  0.11  0.18  0.23  0.15  0.17  0.12  0.23  0.07 -0.00  0.09  0.27  0.31  0.21  0.14 -0.56  0.69 -0.07  0.16  0.23
 2005  9  0.33  0.40  0.29  0.33  0.41  0.25  0.33  0.37  0.32  0.29  0.32  0.28  0.33  0.43  0.20  0.37  0.44  0.35 -0.20  0.08 -0.65  0.37  0.72  0.08  0.75  0.79  0.60
 2005 10  0.36  0.56  0.25  0.39  0.57  0.22  0.33  0.54  0.26  0.11  0.19  0.08  0.55  0.72  0.33  0.43  0.74  0.35  0.69  0.87  0.40  1.14  1.27  1.04  0.84  0.71  0.86
 2005 11  0.32  0.51  0.20  0.40  0.59  0.22  0.23  0.35  0.19  0.19  0.24  0.16  0.49  0.70  0.24  0.27  0.47  0.22  1.33  1.66  0.82  0.56  0.59  0.54  0.64  0.33  0.69
 2005 12  0.19  0.42  0.05  0.29  0.39  0.19  0.10  0.50 -0.04  0.09  0.17  0.05  0.35  0.42  0.27  0.13  0.87 -0.07  1.55  1.58  1.49  1.08  1.86  0.47 -0.11  0.25  0.68
 2006  1  0.20  0.18  0.21  0.28  0.17  0.39  0.12  0.22  0.09  0.02  0.27 -0.11  0.39  0.07  0.79  0.21  0.33  0.18  0.76 -0.44  2.68  0.07  0.01  0.13  2.18  1.47  0.83
 2006  2  0.24  0.46  0.11  0.48  0.59  0.37  0.00  0.22 -0.07  0.16  0.40  0.05  0.63  0.61  0.66 -0.07  0.18 -0.14  1.82  1.46  2.38  0.02  0.07 -0.02  0.00  0.15  0.20
 2006  3  0.21  0.31  0.15  0.29  0.39  0.20  0.12  0.15  0.11 -0.04  0.06 -0.10  0.50  0.49  0.52  0.17  0.24  0.15  1.04  0.76  1.48  0.00  0.18 -0.14 -0.03  0.00  0.53
 2006  4  0.14  0.16  0.13  0.23  0.21  0.24  0.06  0.06  0.07 -0.10 -0.09 -0.11  0.37  0.30  0.47  0.17  0.21  0.16 -0.13 -0.67  0.74  0.06  0.13  0.01  1.96  1.36  0.17
 2006  5 -0.02 -0.07  0.00  0.16  0.21  0.11 -0.21 -0.61 -0.07 -0.17 -0.23 -0.14  0.32  0.35  0.29 -0.21 -0.90 -0.03  0.71  0.63  0.82 -1.19 -1.74 -0.76  0.75  0.76 -0.81
 2006  6  0.14  0.25  0.07  0.21  0.38  0.05  0.06 -0.00  0.08  0.07  0.05  0.08  0.29  0.49  0.04  0.05 -0.04  0.07  0.51  0.86 -0.05 -0.14 -0.40  0.06  0.56  0.45 -0.31
 2006  7  0.15  0.15  0.15  0.22  0.23  0.21  0.08 -0.02  0.12  0.25  0.31  0.21  0.18  0.19  0.17  0.02 -0.24  0.09  0.11  0.07  0.18 -0.84 -1.53 -0.29  1.02  0.80  0.10
 2006  8  0.21  0.34  0.13  0.16  0.17  0.15  0.25  0.67  0.11  0.17  0.17  0.17  0.16  0.18  0.13  0.29  1.06  0.09  0.29  0.47 -0.01  0.85  1.77  0.11  0.11 -0.04  1.18
 2006  9  0.25  0.29  0.23  0.31  0.39  0.23  0.19  0.09  0.23  0.12  0.05  0.15  0.42  0.50  0.31  0.23  0.13  0.25  1.36  1.52  1.10 -0.09 -0.41  0.17 -0.99 -0.49  0.85
 2006 10  0.32  0.36  0.29  0.28  0.29  0.27  0.35  0.49  0.31  0.29  0.27  0.30  0.28  0.30  0.26  0.38  0.67  0.31  0.51  0.23  0.96  0.59  0.51  0.65 -0.66 -0.28  1.06
 2006 11  0.20  0.32  0.13  0.21  0.26  0.16  0.19  0.45  0.11  0.14  0.10  0.16  0.26  0.32  0.18  0.20  0.69  0.07  0.53  0.38  0.76  0.36  0.67  0.11  0.49  0.21  1.38
 2006 12  0.22  0.37  0.13  0.45  0.63  0.27 -0.01 -0.14  0.04  0.36  0.27  0.40  0.49  0.75  0.16 -0.19 -0.47 -0.12  0.86  0.99  0.65 -0.86 -1.06 -0.70  1.24  0.91 -0.37
 2007  1  0.42  0.76  0.22  0.60  0.91  0.31  0.24  0.45  0.17  0.50  0.47  0.52  0.67  1.07  0.16  0.08  0.41 -0.00  0.36  0.93 -0.55  0.38  0.71  0.12 -0.07 -0.19  0.07
 2007  2  0.25  0.38  0.17  0.45  0.52  0.38  0.04  0.11  0.02  0.28  0.42  0.21  0.52  0.51  0.53 -0.07 -0.04 -0.07  0.79  0.06  1.95 -0.29 -0.42 -0.19 -0.53 -0.36  0.70
 2007  3  0.28  0.54  0.13  0.43  0.58  0.29  0.12  0.44  0.01  0.15  0.24  0.10  0.56  0.67  0.43  0.13  0.67 -0.02  0.22  0.15  0.32  0.32  0.74 -0.01  2.16  1.19  0.91
 2007  4  0.21  0.48  0.05  0.35  0.52  0.19  0.06  0.39 -0.05  0.08  0.21  0.01  0.50  0.63  0.33  0.05  0.51 -0.07  1.76  1.89  1.56  0.30  0.72 -0.04  0.02  0.28  0.72
 2007  5  0.21  0.50  0.04  0.23  0.39  0.09  0.18  0.71  0.01  0.15  0.27  0.09  0.26  0.43  0.06  0.21  1.08 -0.02 -0.18 -0.18 -0.19  0.96  2.32 -0.11  0.66  0.53  0.85
 2007  6  0.20  0.34  0.12  0.28  0.34  0.22  0.13  0.33  0.06  0.18  0.28  0.13  0.34  0.39  0.27  0.10  0.32  0.04  1.01  0.65  1.59  0.76  1.25  0.36  0.21  0.30 -1.15
 2007  7  0.22  0.34  0.14  0.22  0.29  0.16  0.21  0.44  0.13  0.20  0.25  0.17  0.23  0.32  0.13  0.22  0.55  0.13  0.71  0.71  0.69  0.93  1.46  0.52  0.47  0.49  0.40
 2007  8  0.22  0.31  0.16  0.20  0.31  0.09  0.24  0.31  0.22  0.02  0.11 -0.03  0.33  0.42  0.21  0.32  0.36  0.31  0.54  0.51  0.59  0.10  0.25 -0.02  0.80  0.87  1.07
 2007  9  0.17  0.31  0.08  0.18  0.24  0.12  0.16  0.45  0.06  0.13  0.23  0.08  0.22  0.29  0.15  0.15  0.50  0.06 -0.30 -0.38 -0.19 -0.65 -0.44 -0.81  0.51  0.57  1.08
 2007 10  0.19  0.35  0.10  0.24  0.40  0.08  0.14  0.25  0.11 -0.11  0.05 -0.19  0.44  0.53  0.31  0.26  0.35  0.23  0.85  0.93  0.71  0.12  0.10  0.13  1.40  1.07  1.07
 2007 11  0.11  0.21  0.04  0.09  0.19 -0.00  0.12  0.26  0.08 -0.10  0.08 -0.19  0.20  0.23  0.15  0.23  0.40  0.18  0.46  0.50  0.39  0.69  0.94  0.50  0.34  0.57  0.22
 2007 12  0.01  0.03 -0.01  0.05  0.15 -0.04 -0.04 -0.21  0.01 -0.23  0.01 -0.35  0.18  0.17  0.19  0.08 -0.32  0.18  0.73  0.55  1.01 -0.57 -1.03 -0.21  0.03 -0.04  0.13
 2008  1 -0.23 -0.28 -0.20 -0.29 -0.35 -0.24 -0.17 -0.16 -0.18 -0.34 -0.10 -0.47 -0.26 -0.44 -0.03 -0.10 -0.20 -0.07 -0.15 -0.04 -0.32 -0.70 -1.03 -0.45 -0.93 -1.07  0.82
 2008  2 -0.19 -0.20 -0.19 -0.04 -0.05 -0.02 -0.35 -0.50 -0.30 -0.48 -0.24 -0.60  0.19 -0.00  0.43 -0.27 -0.65 -0.17  0.05 -0.25  0.52 -0.82 -1.32 -0.42  0.20 -0.02 -0.47
 2008  3 -0.02  0.52 -0.34  0.29  0.84 -0.23 -0.33 -0.09 -0.41 -0.53 -0.26 -0.68  0.69  1.14  0.13 -0.19  0.22 -0.30  0.27  0.56 -0.20 -0.05  0.49 -0.48 -0.66 -0.67  0.08
 2008  4  0.00  0.21 -0.11  0.19  0.26  0.12 -0.18  0.09 -0.28 -0.48 -0.29 -0.57  0.51  0.44  0.61 -0.00  0.42 -0.12  0.30 -0.02  0.81  1.10  1.71  0.61 -0.21 -0.14 -0.50
 2008  5 -0.17  0.00 -0.28 -0.09  0.07 -0.25 -0.25 -0.12 -0.30 -0.46 -0.30 -0.54  0.08  0.16 -0.03 -0.12  0.09 -0.18  0.90  1.01  0.72  0.38  0.38  0.38 -0.51 -0.45 -0.16
 2008  6 -0.10 -0.06 -0.13 -0.09  0.06 -0.24 -0.12 -0.28 -0.06 -0.18 -0.03 -0.25 -0.04  0.09 -0.20 -0.09 -0.48  0.01  0.00  0.07 -0.10 -1.29 -1.79 -0.90 -0.32 -0.35  0.84
 2008  7  0.01  0.11 -0.05  0.01  0.09 -0.05  0.01  0.16 -0.05 -0.06  0.06 -0.13  0.08  0.12  0.02  0.02  0.18 -0.02  0.06  0.01  0.15 -0.09 -0.31  0.08 -0.00 -0.14  0.06
 2008  8 -0.03 -0.01 -0.04  0.07  0.21 -0.06 -0.13 -0.42 -0.03 -0.11  0.06 -0.20  0.19  0.29  0.07 -0.17 -0.90  0.03  0.56  0.45  0.75 -0.66 -1.50  0.01 -0.08 -0.24 -1.14
 2008  9  0.16  0.20  0.14  0.17  0.16  0.18  0.16  0.29  0.12  0.09  0.23  0.02  0.23  0.15  0.32  0.18  0.29  0.15  0.69  0.41  1.13  0.04 -0.08  0.13 -0.01  0.02  0.79
 2008 10  0.15  0.40  0.01  0.24  0.48  0.00  0.07  0.24  0.01  0.11  0.25  0.05  0.34  0.59  0.02  0.01  0.16 -0.03  0.25  0.60 -0.32 -0.52 -0.69 -0.38  0.38  0.05  1.31
 2008 11  0.19  0.37  0.08  0.27  0.50  0.06  0.10  0.12  0.09  0.12  0.30  0.02  0.35  0.56  0.09  0.09  0.01  0.12  0.43  0.59  0.18 -0.35 -0.49 -0.24  0.35  0.11  0.17
 2008 12  0.12  0.15  0.11  0.35  0.26  0.44 -0.10 -0.07 -0.11 -0.03  0.17 -0.13  0.55  0.26  0.91 -0.14 -0.19 -0.12  0.87  0.41  1.61 -0.81 -0.96 -0.70  0.13  0.18  0.17
 2009  1  0.18  0.33  0.08  0.33  0.46  0.22  0.02  0.09 -0.01 -0.12  0.13 -0.25  0.58  0.54  0.64  0.08  0.13  0.07  1.12  0.95  1.40 -0.18 -0.19 -0.18  0.44  0.36  0.52
 2009  2  0.20  0.49  0.02  0.46  0.66  0.27 -0.07  0.16 -0.14 -0.06  0.20 -0.20  0.70  0.73  0.67 -0.04  0.36 -0.14  0.62  0.23  1.25 -0.20  0.43 -0.69  0.78  0.71  0.50
 2009  3  0.13  0.33  0.00  0.21  0.32  0.10  0.04  0.35 -0.06 -0.15  0.10 -0.27  0.43  0.39  0.48  0.11  0.56 -0.02  0.10 -0.06  0.36  0.54  0.81  0.32  0.65  0.36  0.52
 2009  4  0.09  0.24 -0.00  0.15  0.27  0.02  0.03  0.19 -0.02  0.05  0.14 -0.00  0.19  0.29  0.06  0.03  0.29 -0.04  0.27  0.64 -0.33 -0.32 -0.06 -0.53 -0.16 -0.09  0.01
 2009  5  0.08  0.18  0.03  0.05  0.08  0.01  0.12  0.37  0.04 -0.01  0.06 -0.04  0.06  0.07  0.05  0.21  0.69  0.08  0.35  0.06  0.81  0.93  1.61  0.40  0.23  0.34 -0.53
 2009  6  0.00  0.05 -0.03 -0.09 -0.09 -0.10  0.10  0.31  0.02  0.15  0.26  0.09 -0.23 -0.21 -0.26  0.08  0.39  0.00  0.03  0.21 -0.26  0.35  0.73  0.05 -0.42 -0.32  0.39
 2009  7  0.37  0.35  0.38  0.12  0.04  0.19  0.62  0.96  0.50  0.48  0.52  0.46 -0.08 -0.13 -0.01  0.70  1.35  0.52  0.12 -0.11  0.49  1.86  2.83  1.09 -0.81 -0.48  1.19
 2009  8  0.19  0.26  0.15  0.14  0.04  0.23  0.24  0.68  0.10  0.39  0.50  0.33 -0.02 -0.12  0.11  0.20  0.86  0.02 -0.04 -0.07  0.01  0.61  0.65  0.58 -0.35 -0.38  2.02
 2009  9  0.41  0.57  0.31  0.47  0.62  0.32  0.35  0.45  0.31  0.57  0.69  0.50  0.39  0.60  0.12  0.26  0.26  0.26  0.48  0.81 -0.04 -0.23  0.09 -0.48  0.56  0.49  0.87
 2009 10  0.27  0.20  0.32  0.26  0.19  0.33  0.29  0.23  0.31  0.35  0.39  0.32  0.18  0.10  0.28  0.29  0.15  0.33  0.54  0.30  0.92  0.20  0.16  0.23 -1.30 -0.64  0.37
 2009 11  0.39  0.51  0.32  0.34  0.40  0.28  0.44  0.72  0.35  0.43  0.47  0.41  0.31  0.38  0.21  0.44  0.92  0.31  0.35 -0.05  1.00  1.24  1.37  1.13  1.25  0.74  1.24
 2009 12  0.24  0.25  0.23  0.28  0.22  0.33  0.19  0.29  0.16  0.46  0.46  0.46  0.17  0.10  0.25  0.07  0.26  0.02  1.63  1.03  2.59  0.07  0.26 -0.08 -1.26 -0.54  0.63
 2010  1  0.56  0.80  0.42  0.71  0.91  0.53  0.41  0.59  0.35  0.63  0.69  0.59  0.70  0.91  0.44  0.36  0.70  0.27  1.53  1.63  1.36  0.70  1.07  0.40 -0.28 -0.15  0.67
 2010  2  0.55  0.76  0.42  0.61  0.75  0.48  0.48  0.79  0.38  0.77  0.98  0.67  0.48  0.62  0.31  0.37  0.77  0.26  1.91  1.58  2.45  0.81  1.22  0.48 -1.67 -1.17  0.32
 2010  3  0.57  0.77  0.45  0.71  0.83  0.59  0.43  0.67  0.35  0.71  0.80  0.66  0.68  0.80  0.53  0.31  0.66  0.22  1.26  0.82  1.97  0.41  0.68  0.20  0.57  0.34  0.47
 2010  4  0.40  0.51  0.33  0.61  0.64  0.58  0.19  0.27  0.16  0.63  0.74  0.57  0.58  0.61  0.55 -0.03 -0.12 -0.00  1.92  1.82  2.07 -0.71 -0.93 -0.54  0.72  0.69  0.95
 2010  5  0.46  0.57  0.40  0.64  0.70  0.58  0.28  0.31  0.27  0.70  0.82  0.64  0.58  0.65  0.49  0.09 -0.08  0.13  2.11  2.05  2.21 -0.79 -0.75 -0.82 -0.61 -0.30  0.20
 2010  6  0.38  0.34  0.40  0.45  0.51  0.40  0.31  0.02  0.40  0.48  0.65  0.40  0.47  0.50  0.42  0.18 -0.60  0.39  0.50  0.20  0.98 -1.34 -2.16 -0.70  0.43  0.38  0.40
 2010  7  0.36  0.32  0.38  0.48  0.62  0.35  0.24 -0.26  0.41  0.34  0.45  0.28  0.58  0.72  0.41  0.16 -0.97  0.47  0.59  0.96  0.00 -1.72 -2.80 -0.86  0.51  0.41  0.20
 2010  8  0.38  0.43  0.35  0.50  0.64  0.37  0.25  0.02  0.33  0.24  0.41  0.16  0.67  0.76  0.56  0.22 -0.41  0.39  0.88  0.92  0.82 -1.02 -1.64 -0.53  0.85  0.89  0.18
 2010  9  0.45  0.48  0.43  0.37  0.46  0.29  0.52  0.50  0.53  0.15  0.37  0.04  0.55  0.56  0.54  0.65  0.41  0.71  0.79  0.53  1.22  0.59  0.37  0.76  0.64  0.93 -0.07
 2010 10  0.30  0.44  0.22  0.25  0.48  0.03  0.36  0.35  0.36  0.02  0.27 -0.11  0.39  0.56  0.17  0.51  0.41  0.54  1.11  0.99  1.29  0.73  0.81  0.67  0.72  0.70 -0.42
 2010 11  0.25  0.45  0.13  0.36  0.77 -0.03  0.13 -0.18  0.24 -0.20  0.02 -0.32  0.64  0.98  0.21  0.32 -0.27  0.47  0.87  1.16  0.40 -0.36 -0.56 -0.20  0.18  0.53 -0.49
 2010 12  0.16  0.35  0.05  0.23  0.51 -0.03  0.09  0.04  0.11 -0.38 -0.08 -0.53  0.54  0.69  0.35  0.35  0.19  0.40  1.12  1.09  1.18 -0.26 -0.11 -0.38 -0.07 -0.23  0.30
 2011  1  0.02  0.10 -0.03  0.02  0.07 -0.03  0.02  0.17 -0.02 -0.40 -0.09 -0.56  0.22  0.09  0.39  0.26  0.47  0.21  1.63  1.64  1.62 -0.17  0.33 -0.57 -0.75 -0.24  0.87
 2011  2  0.01 -0.04  0.03  0.00 -0.04  0.05  0.01 -0.03  0.02 -0.37 -0.07 -0.52  0.15 -0.11  0.49  0.25  0.22  0.26 -0.14 -0.81  0.94 -0.14  0.22 -0.43 -0.03 -0.01 -0.12
 2011  3 -0.09  0.03 -0.16 -0.05  0.03 -0.13 -0.13  0.01 -0.18 -0.36 -0.18 -0.45  0.08  0.08  0.09  0.01  0.24 -0.05  0.67  0.61  0.76  0.31  0.54  0.12  0.25  0.29 -0.31
 2011  4  0.08  0.25 -0.03  0.15  0.30 -0.00  0.01  0.16 -0.04 -0.24 -0.06 -0.33  0.32  0.41  0.21  0.16  0.36  0.11  0.83  0.66  1.10  0.40  0.97 -0.06  0.13  0.01 -0.16
 2011  5  0.11  0.15  0.08  0.11  0.20  0.02  0.10  0.05  0.12 -0.06  0.16 -0.17  0.17  0.20  0.12  0.22 -0.02  0.28  0.99  0.89  1.16 -0.08 -0.05 -0.11 -0.60 -0.34 -0.75
 2011  6  0.26  0.35  0.20  0.30  0.44  0.17  0.21  0.18  0.23  0.17  0.42  0.05  0.34  0.45  0.22  0.26 -0.02  0.34  0.95  0.93  0.99  0.00 -0.39  0.31  0.17  0.19  0.25
 2011  7  0.37  0.55  0.26  0.31  0.43  0.20  0.42  0.79  0.30  0.18  0.42  0.06  0.39  0.43  0.32  0.54  1.09  0.39  0.54  0.44  0.70  1.67  2.52  1.00  0.98  0.75  0.36
 2011  8  0.31  0.51  0.19  0.27  0.33  0.21  0.35  0.88  0.17  0.14  0.27  0.08  0.34  0.35  0.32  0.45  1.36  0.21  0.56  0.38  0.85  1.78  2.94  0.85  0.92  0.64  0.86
 2011  9  0.30  0.51  0.18  0.28  0.46  0.11  0.32  0.60  0.23  0.13  0.22  0.08  0.37  0.55  0.15  0.42  0.89  0.29  0.67  0.65  0.69  1.15  1.17  1.14  0.41  0.30  0.55
 2011 10  0.09  0.34 -0.06  0.13  0.38 -0.10  0.04  0.26 -0.03 -0.14  0.03 -0.23  0.27  0.48  0.00  0.15  0.49  0.06  0.28  0.48 -0.04  0.65  1.13  0.26  0.21  0.13  0.00
 2011 11  0.09  0.24  0.00  0.07  0.08  0.07  0.11  0.56 -0.04 -0.06  0.06 -0.12  0.12  0.07  0.18  0.23  1.03  0.01  0.27 -0.05  0.78  0.93  2.02  0.07  0.31 -0.18  0.05
 2011 12  0.07  0.14  0.03  0.13  0.19  0.07  0.01  0.05 -0.00 -0.03  0.15 -0.13  0.20  0.19  0.21  0.05  0.01  0.06 -0.17 -0.03 -0.38 -0.36 -0.12 -0.56  0.80  0.48 -0.35
 2012  1 -0.14 -0.15 -0.13 -0.07 -0.14 -0.01 -0.20 -0.17 -0.21 -0.25  0.03 -0.39  0.01 -0.22  0.31 -0.17 -0.26 -0.14  0.80  0.22  1.74 -0.70 -0.71 -0.68  1.40  0.50 -0.36
 2012  2 -0.13 -0.01 -0.20 -0.01 -0.00 -0.01 -0.25 -0.03 -0.33 -0.33  0.01 -0.51  0.14 -0.07  0.42 -0.19  0.12 -0.28  1.78  1.74  1.84  0.29  0.58  0.06  0.91  0.90 -0.49
 2012  3  0.03  0.12 -0.02  0.07  0.08  0.05  0.00  0.21 -0.07 -0.23 -0.09 -0.30  0.26  0.13  0.42  0.09  0.47 -0.01  0.09 -0.54  1.09  0.57  0.85  0.34  3.02  2.09 -0.01
 2012  4  0.23  0.53  0.05  0.35  0.72 -0.01  0.11  0.16  0.09 -0.25 -0.09 -0.34  0.70  1.01  0.31  0.25  0.29  0.24  1.17  1.34  0.88  0.08  0.52 -0.26  1.65  1.59  0.21
 2012  5  0.19  0.48  0.01  0.35  0.63  0.09  0.02  0.19 -0.04 -0.12 -0.04 -0.15  0.59  0.84  0.28  0.10  0.42  0.01  1.05  1.27  0.69  0.28  0.67 -0.04  0.94  0.60 -0.48
 2012  6  0.25  0.37  0.18  0.39  0.67  0.12  0.11 -0.22  0.22 -0.03  0.07 -0.08  0.59  0.87  0.23  0.20 -0.46  0.37  1.65  1.89  1.26 -0.68 -1.25 -0.23  0.71  0.75  0.09
 2012  7  0.15  0.21  0.11  0.27  0.46  0.08  0.03 -0.28  0.14  0.16  0.23  0.12  0.34  0.56  0.05 -0.05 -0.78  0.15  0.50  0.68  0.22 -1.23 -1.82 -0.77  0.85  0.66 -0.36
 2012  8  0.21  0.28  0.16  0.20  0.31  0.09  0.21  0.23  0.21  0.07  0.12  0.05  0.29  0.41  0.14  0.26  0.22  0.27  0.21  0.14  0.32  0.03 -0.14  0.18  0.42  0.41  0.02
 2012  9  0.37  0.49  0.30  0.39  0.56  0.22  0.36  0.36  0.36  0.18  0.20  0.17  0.53  0.72  0.29  0.42  0.37  0.43  0.85  1.01  0.59 -0.11 -0.36  0.09  0.47  0.38  1.01
 2012 10  0.37  0.47  0.32  0.33  0.35  0.32  0.41  0.71  0.31  0.16  0.26  0.10  0.45  0.41  0.49  0.53  0.99  0.41  0.99  0.82  1.25  1.31  1.73  0.98 -0.23  0.06  0.93
 2012 11  0.31  0.57  0.16  0.33  0.46  0.20  0.30  0.78  0.13  0.22  0.27  0.19  0.37  0.49  0.21  0.35  1.28  0.11  0.98  0.73  1.37  1.61  2.30  1.06  0.56  0.56  0.94
 2012 12  0.24  0.24  0.23  0.17  0.02  0.31  0.30  0.67  0.18  0.20  0.27  0.17  0.12 -0.10  0.40  0.39  1.09  0.20  0.68  0.36  1.19  1.64  2.44  1.01  0.72  0.43  0.30
 2013  1  0.51  0.59  0.46  0.53  0.48  0.57  0.49  0.81  0.38  0.39  0.55  0.31  0.57  0.42  0.74  0.57  1.11  0.43  1.28  0.77  2.10  1.27  1.57  1.04  0.81  1.02  1.41
 2013  2  0.21  0.32  0.14  0.37  0.43  0.31  0.04  0.09  0.03  0.20  0.42  0.09  0.44  0.38  0.50 -0.02 -0.03 -0.01  0.34  0.47  0.14 -0.10 -0.09 -0.11 -0.27 -0.22 -0.29
 2013  3  0.20  0.33  0.12  0.33  0.40  0.27  0.06  0.20  0.02  0.25  0.45  0.15  0.37  0.35  0.39 -0.02  0.09 -0.05  0.15 -0.69  1.51 -0.37 -0.09 -0.59 -0.80 -0.72  0.91
 2013  4  0.11  0.04  0.15  0.13  0.02  0.23  0.09  0.07  0.10  0.17  0.21  0.15  0.11 -0.04  0.29  0.05 -0.05  0.08  0.05 -0.09  0.26 -0.32 -0.82  0.08 -0.54 -0.78  0.33
 2013  5  0.09  0.26 -0.01  0.19  0.38  0.01 -0.02  0.02 -0.03  0.11  0.20  0.06  0.23  0.44 -0.03 -0.08 -0.14 -0.07  0.15  0.53 -0.45 -0.65 -0.66 -0.64  0.05 -0.12  0.48
 2013  6  0.30  0.40  0.24  0.34  0.47  0.22  0.25  0.27  0.25  0.21  0.32  0.16  0.41  0.54  0.24  0.27  0.17  0.30  0.86  1.40 -0.01 -0.51 -0.19 -0.76  0.57  0.83  0.30
 2013  7  0.17  0.13  0.20  0.14  0.13  0.14  0.21  0.12  0.23  0.07  0.16  0.03  0.16  0.13  0.19  0.28  0.04  0.35  0.20  0.29  0.06 -1.05 -1.08 -1.04 -0.05  0.09  0.86
 2013  8  0.15  0.24  0.10  0.11  0.15  0.08  0.20  0.43  0.12  0.00 -0.01  0.01  0.17  0.23  0.10  0.29  0.69  0.18  0.14  0.54 -0.49  0.86  1.35  0.48 -0.15 -0.04  1.12
 2013  9  0.37  0.55  0.27  0.35  0.29  0.41  0.40  1.05  0.17  0.20  0.25  0.18  0.43  0.32  0.57  0.49  1.65  0.19  0.33  0.09  0.73  1.87  3.18  0.83  1.01  0.86  1.59
 2013 10  0.30  0.44  0.21  0.34  0.39  0.29  0.25  0.54  0.16  0.04  0.06  0.03  0.48  0.50  0.45  0.38  0.92  0.23  0.48  0.63  0.25  0.92  1.48  0.48 -0.28  0.24  1.38
 2013 11  0.20  0.35  0.10  0.16  0.32  0.01  0.23  0.42  0.16  0.03  0.02  0.03  0.21  0.38 -0.01  0.36  0.83  0.23 -0.60 -0.14 -1.35  0.56  1.49 -0.17 -0.29 -0.15  0.27
 2013 12  0.27  0.32  0.24  0.29  0.19  0.37  0.26  0.55  0.15  0.06  0.09  0.05  0.38  0.23  0.58  0.38  0.94  0.23  0.56  0.62  0.47  1.35  1.75  1.04 -0.54 -0.12  0.32
 2014  1  0.30  0.33  0.29  0.40  0.33  0.46  0.20  0.31  0.17 -0.04  0.06 -0.10  0.63  0.40  0.92  0.34  0.58  0.27  1.38  0.65  2.54  0.51  0.86  0.23 -0.18  0.40  0.82
 2014  2  0.18  0.10  0.23  0.34  0.20  0.47  0.03 -0.09  0.07 -0.09 -0.02 -0.13  0.55  0.24  0.94  0.11 -0.07  0.15  2.05  1.44  3.03 -0.31 -0.22 -0.38 -0.40 -0.21  0.01
 2014  3  0.17  0.18  0.16  0.34  0.44  0.25 -0.01 -0.31  0.10  0.01  0.04 -0.00  0.50  0.55  0.43  0.00 -0.57  0.16  1.19  0.99  1.53 -0.46 -0.83 -0.16 -0.46 -0.28 -0.02
 2014  4  0.19  0.27  0.14  0.36  0.44  0.28  0.01 -0.08  0.05  0.09  0.04  0.12  0.47  0.57  0.35 -0.00 -0.16  0.04  0.62  0.67  0.54 -0.34 -0.60 -0.14 -0.03  0.10  0.61
 2014  5  0.34  0.46  0.26  0.34  0.40  0.28  0.33  0.58  0.25  0.18  0.12  0.21  0.45  0.52  0.36  0.39  0.86  0.26  0.73  1.11  0.12  0.86  1.52  0.34 -0.08  0.20  0.58
 2014  6  0.31  0.20  0.38  0.33  0.24  0.41  0.30  0.11  0.36  0.52  0.53  0.51  0.20  0.15  0.27  0.21 -0.23  0.33  0.33  0.38  0.24 -1.23 -1.36 -1.12 -0.10 -0.17  0.44
 2014  7  0.30  0.13  0.40  0.29  0.20  0.38  0.31 -0.02  0.42  0.46  0.42  0.48  0.17  0.10  0.25  0.27 -0.28  0.42  0.22  0.42 -0.09 -0.32 -1.14  0.33 -0.28 -0.29  0.43
 2014  8  0.20  0.15  0.22  0.25  0.18  0.31  0.15  0.10  0.16  0.06 -0.02  0.10  0.32  0.24  0.43  0.21  0.20  0.21  0.50  0.59  0.36  0.25  0.14  0.34 -0.49 -0.37 -0.69
 2014  9  0.30  0.29  0.31  0.19  0.06  0.31  0.41  0.73  0.30  0.18  0.07  0.24  0.21  0.09  0.36  0.52  1.20  0.34 -0.18 -0.19 -0.16  1.08  1.91  0.43  0.24  0.42  0.60
 2014 10  0.37  0.35  0.38  0.34  0.21  0.47  0.40  0.62  0.33  0.20  0.13  0.23  0.42  0.26  0.63  0.50  0.95  0.38  0.37  0.07  0.85  0.68  0.81  0.57  1.08  0.92  1.26
 2014 11  0.33  0.18  0.43  0.36  0.10  0.61  0.30  0.32  0.30  0.25  0.12  0.32  0.40  0.09  0.78  0.35  0.50  0.32  1.19  0.91  1.64  0.63  1.04  0.30 -1.13 -0.43  0.64
 2014 12  0.32  0.31  0.33  0.47  0.48  0.47  0.17 -0.02  0.23  0.30  0.20  0.36  0.55  0.55  0.54  0.12 -0.15  0.19  0.39  0.57  0.11 -0.48 -0.52 -0.45  1.38  1.40  0.25
 2015  1  0.36  0.40  0.34  0.57  0.59  0.55  0.15  0.03  0.20  0.12 -0.02  0.19  0.81  0.78  0.86  0.16  0.07  0.18  0.40  0.25  0.64 -0.07  0.03 -0.16  1.19  1.38 -0.14
 2015  2  0.31  0.49  0.20  0.44  0.64  0.25  0.17  0.20  0.16  0.02  0.15 -0.04  0.65  0.77  0.50  0.25  0.31  0.24 -0.02  0.50 -0.85  0.15  0.40 -0.05  0.39  0.69  0.55
 2015  3  0.26  0.36  0.19  0.41  0.48  0.34  0.10  0.13  0.09  0.10  0.03  0.13  0.59  0.65  0.52  0.09  0.15  0.07  0.55  0.48  0.65  0.07  0.08  0.07  1.74  1.57  0.32
 2015  4  0.16  0.06  0.22  0.34  0.24  0.44 -0.02 -0.28  0.06  0.08 -0.08  0.16  0.48  0.35  0.64 -0.07 -0.46  0.03  1.08  0.79  1.54 -0.62 -0.86 -0.43  0.55  0.46 -0.82
 2015  5  0.32  0.30  0.34  0.40  0.41  0.39  0.25  0.08  0.30  0.29  0.17  0.35  0.45  0.48  0.40  0.24  0.04  0.29  0.65  0.97  0.14  0.05 -0.39  0.41 -0.32  0.21 -0.21
 2015  6  0.36  0.24  0.43  0.41  0.33  0.49  0.30  0.05  0.38  0.52  0.42  0.57  0.36  0.32  0.42  0.18 -0.29  0.30  0.50  0.59  0.34 -1.32 -1.71 -1.02  0.76  0.75  0.76
 2015  7  0.24  0.01  0.38  0.32  0.17  0.47  0.16 -0.32  0.32  0.53  0.48  0.56  0.21  0.07  0.38 -0.02 -0.96  0.23  0.21 -0.08  0.66 -1.46 -2.24 -0.84 -0.01 -0.05 -0.28
 2015  8  0.32  0.07  0.46  0.31  0.17  0.45  0.32 -0.13  0.47  0.55  0.40  0.62  0.17  0.10  0.27  0.21 -0.57  0.42 -0.12  0.00 -0.31 -0.74 -1.69  0.02 -0.22 -0.24 -0.48
 2015  9  0.38  0.12  0.53  0.50  0.31  0.68  0.25 -0.23  0.42  0.62  0.46  0.70  0.44  0.28  0.65  0.06 -0.86  0.31  0.37  0.36  0.38 -1.01 -1.94 -0.27  0.86  0.61 -0.33
 2015 10  0.57  0.56  0.58  0.72  0.49  0.93  0.43  0.70  0.33  0.63  0.45  0.73  0.76  0.52  1.06  0.32  0.88  0.17  0.80  0.50  1.26  0.66  1.39  0.09  1.29  1.45  0.94
 2015 11  0.47  0.46  0.48  0.59  0.53  0.65  0.35  0.32  0.36  0.61  0.40  0.71  0.60  0.60  0.61  0.19  0.17  0.19  0.25  0.29  0.19 -0.06  0.24 -0.30  1.09  0.90  0.67
 2015 12  0.56  0.61  0.53  0.69  0.72  0.66  0.42  0.40  0.43  0.71  0.35  0.89  0.71  0.89  0.49  0.24  0.30  0.23 -0.35  0.06 -1.01  0.40  0.47  0.35  1.94  1.52  0.15
 2016  1  0.62  0.55  0.66  0.85  0.72  0.97  0.39  0.22  0.45  0.87  0.63  1.00  0.87  0.80  0.95  0.11 -0.25  0.20  3.05  2.83  3.40 -0.48 -0.50 -0.47 -0.39  0.11 -0.61
 2016  2  0.92  1.03  0.86  1.28  1.32  1.24  0.57  0.48  0.60  0.98  0.84  1.06  1.44  1.48  1.38  0.35  0.16  0.40  2.05  1.84  2.38 -0.46 -0.47 -0.45  1.47  1.55  0.53
 2016  3  0.84  0.97  0.77  1.12  1.22  1.03  0.56  0.48  0.59  1.07  0.93  1.14  1.17  1.33  0.96  0.29  0.10  0.34  2.19  1.96  2.56 -0.44 -0.30 -0.55  1.59  1.61  0.60
 2016  4  0.75  0.76  0.74  0.94  0.91  0.96  0.56  0.49  0.59  0.86  0.61  0.99  0.98  1.04  0.91  0.40  0.30  0.42  2.42  2.41  2.42  0.24 -0.03  0.45  0.53  0.90  0.93
 2016  5  0.55  0.52  0.57  0.59  0.42  0.74  0.51  0.71  0.45  0.67  0.45  0.79  0.56  0.41  0.75  0.41  0.92  0.27  1.35  1.21  1.57  1.20  1.68  0.82 -0.52 -0.04  1.04
 2016  6  0.37  0.20  0.47  0.48  0.40  0.55  0.26 -0.20  0.41  0.46  0.26  0.56  0.52  0.47  0.57  0.13 -0.65  0.34  0.95  1.22  0.50 -1.52 -2.23 -0.95  0.90  0.86  0.84
 2016  7  0.44  0.35  0.50  0.46  0.39  0.53  0.43  0.26  0.48  0.50  0.36  0.57  0.47  0.43  0.53  0.35  0.08  0.42  0.38  0.54  0.13  0.16 -0.56  0.73  0.18  0.26  0.92
 2016  8  0.48  0.56  0.43  0.61  0.59  0.63  0.35  0.50  0.30  0.46  0.24  0.57  0.67  0.70  0.64  0.31  0.75  0.20  0.94  1.37  0.26  1.01  1.72  0.44 -0.03  0.21 -0.23
 2016  9  0.57  0.46  0.63  0.72  0.74  0.70  0.41 -0.08  0.58  0.42  0.18  0.54  0.87  0.91  0.81  0.42 -0.25  0.60  1.75  1.79  1.70 -0.27 -0.87  0.21  0.45  0.53 -0.50
 2016 10  0.54  0.26  0.71  0.59  0.16  1.01  0.49  0.45  0.50  0.45  0.23  0.56  0.68  0.14  1.35  0.50  0.60  0.47  2.54  1.56  4.12  1.68  1.66  1.70  1.36  1.84 -0.23
 2016 11  0.60  0.50  0.66  0.65  0.39  0.90  0.55  0.70  0.50  0.39  0.23  0.47  0.77  0.43  1.19  0.67  1.13  0.54  1.76  0.92  3.11  1.95  2.72  1.34  2.34  2.09 -0.18
 2016 12  0.39  0.27  0.47  0.51  0.24  0.77  0.28  0.34  0.26  0.31  0.13  0.40  0.58  0.24  1.01  0.30  0.60  0.22  0.64  0.00  1.66  0.77  1.19  0.43  0.18  0.20  0.06
 2017  1  0.40  0.35  0.44  0.46  0.44  0.49  0.34  0.17  0.40  0.16  0.00  0.24  0.61  0.55  0.68  0.45  0.37  0.47  1.14  1.27  0.94  0.61  0.52  0.67  0.36  0.50  0.62
 2017  2  0.53  0.59  0.49  0.76  0.76  0.76  0.30  0.28  0.31  0.11 -0.20  0.26  1.09  1.07  1.11  0.41  0.66  0.35  1.86  1.88  1.84  0.78  1.30  0.37  2.43  2.22  0.12
 2017  3  0.37  0.54  0.27  0.57  0.69  0.46  0.17  0.26  0.14  0.13 -0.09  0.25  0.80  0.95  0.60  0.20  0.53  0.11  1.81  2.11  1.33  0.31  0.79 -0.07  1.13  0.72  0.83
 Year Mo Globe  Land Ocean   NH   Land Ocean   SH   Land Ocean Trpcs  Land Ocean NoExt  Land Ocean SoExt  Land Ocean NoPol  Land Ocean SoPol  Land Ocean USA48 USA49  AUST
     
 Trend    0.16  0.19  0.13  0.21  0.24  0.19  0.10  0.10  0.10  0.10  0.11  0.09  0.27  0.28  0.26  0.10  0.10  0.10  0.46  0.43  0.51  0.00  0.02 -0.01  0.25  0.26  0.16
    
  NOTE:  New Reference for annual cycle 1981-2010 
  NOTE:  Version 5.6 as of Jun 2013 
  NOTE:  3/13 More accurate grid weighting for USA48
  NOTE:  3/13 Alaska added in USA49, Australia added
    
  GL 85S-85N, NH 0-85N, SH 85S-0, TRPCS 20S-20N
  NoExt 20N-85N, SoExt 85S-20S, NoPol 60N-85N, SoPol 85S-60S
