 Year Mo Globe  Land Ocean   NH   Land Ocean   SH   Land Ocean Trpcs  Land Ocean NoExt  Land Ocean SoExt  Land Ocean NoPol  Land Ocean SoPol  Land Ocean USA48 USA49  AUST
 1978 12 -0.35 -0.36 -0.35 -0.29 -0.28 -0.29 -0.41 -0.54 -0.39 -0.47 -0.54 -0.45 -0.20 -0.24 -0.17 -0.37 -0.45 -0.35 -0.22 -0.50  0.09 -0.33 -0.14 -0.42 -1.00 -0.91 -1.32
 1979  1 -0.32 -0.47 -0.26 -0.45 -0.66 -0.32 -0.18 -0.04 -0.21 -0.37 -0.47 -0.35 -0.49 -0.70 -0.31 -0.08  0.23 -0.14 -0.09 -0.59  0.50 -0.07 -0.01 -0.10 -3.03 -2.21  1.05
 1979  2 -0.26 -0.34 -0.23 -0.23 -0.30 -0.18 -0.29 -0.45 -0.26 -0.24 -0.15 -0.26 -0.23 -0.36 -0.12 -0.31 -0.60 -0.26 -1.67 -1.98 -1.31 -0.63 -0.99 -0.46 -1.53 -1.56 -0.31
 1979  3 -0.25 -0.32 -0.22 -0.26 -0.25 -0.26 -0.24 -0.47 -0.19 -0.27 -0.36 -0.24 -0.27 -0.23 -0.30 -0.21 -0.51 -0.16 -0.27 -0.18 -0.37 -0.42 -1.08 -0.11 -0.44 -0.15  0.32
 1979  4 -0.28 -0.43 -0.23 -0.30 -0.47 -0.20 -0.26 -0.34 -0.25 -0.25 -0.34 -0.23 -0.34 -0.53 -0.16 -0.26 -0.27 -0.26 -0.41 -0.40 -0.41 -0.14  0.54 -0.47 -0.65 -0.32 -1.02
 1979  5 -0.28 -0.43 -0.22 -0.37 -0.40 -0.35 -0.18 -0.50 -0.12 -0.34 -0.47 -0.30 -0.37 -0.36 -0.37 -0.13 -0.58 -0.05 -0.45 -0.21 -0.73  0.03 -0.28  0.17 -0.79 -0.66 -1.10
 1979  6 -0.27 -0.49 -0.19 -0.37 -0.50 -0.29 -0.17 -0.45 -0.11 -0.22 -0.35 -0.18 -0.42 -0.52 -0.33 -0.19 -0.62 -0.11 -0.54 -0.88 -0.14 -1.18 -1.73 -0.92 -0.60 -0.63 -0.35
 1979  7 -0.19 -0.46 -0.09 -0.10 -0.26  0.01 -0.29 -0.92 -0.16 -0.22 -0.38 -0.18 -0.05 -0.27  0.14 -0.30 -1.19 -0.14 -0.12 -0.30  0.08 -1.14 -2.26 -0.60 -0.16 -0.09 -0.77
 1979  8 -0.29 -0.44 -0.23 -0.24 -0.32 -0.19 -0.33 -0.71 -0.26 -0.22 -0.24 -0.22 -0.27 -0.38 -0.18 -0.37 -0.97 -0.27 -0.13 -0.22 -0.03 -1.05 -1.48 -0.84 -0.79 -0.41 -0.83
 1979  9 -0.17 -0.30 -0.11 -0.18 -0.21 -0.17 -0.15 -0.53 -0.07 -0.18 -0.29 -0.15 -0.18 -0.18 -0.19 -0.13 -0.73 -0.02  0.03  0.14 -0.09 -0.19 -0.56 -0.01  0.80  0.87 -0.54
 1979 10 -0.01 -0.16  0.04  0.01 -0.12  0.10 -0.04 -0.24 -0.00 -0.07 -0.13 -0.05  0.03 -0.11  0.16 -0.01 -0.36  0.06  0.04 -0.11  0.22 -0.16 -0.58  0.03  0.42  0.63 -0.20
 1979 11 -0.13 -0.01 -0.17  0.13  0.14  0.11 -0.38 -0.36 -0.38 -0.07 -0.22 -0.03  0.23  0.22  0.24 -0.54 -0.40 -0.56 -0.02  0.41 -0.52 -0.47 -0.36 -0.53 -1.06 -0.45 -0.06
 1979 12 -0.07  0.15 -0.16  0.04  0.22 -0.08 -0.18  0.00 -0.22 -0.30 -0.51 -0.24  0.23  0.44  0.04 -0.13  0.31 -0.21 -0.37  0.07 -0.87  0.80  1.01  0.70  1.83  1.12 -0.17
 1980  1 -0.07 -0.31  0.03 -0.09 -0.41  0.12 -0.05 -0.11 -0.04 -0.08 -0.12 -0.07 -0.12 -0.48  0.20 -0.00 -0.08  0.01  0.84  0.81  0.87  0.64  0.63  0.65 -0.55 -0.56 -0.22
 1980  2  0.08  0.08  0.08  0.04  0.06  0.03  0.11  0.13  0.11  0.03 -0.14  0.08  0.03  0.13 -0.06  0.18  0.26  0.16  1.72  1.96  1.44  0.66  0.52  0.73 -0.77 -0.29  0.77
 1980  3 -0.02 -0.19  0.05 -0.13 -0.46  0.09  0.09  0.42  0.02 -0.03 -0.09 -0.01 -0.20 -0.59  0.15  0.17  0.89  0.04  0.19 -0.16  0.58  1.01  1.47  0.79 -0.89 -0.78  0.45
 1980  4  0.03  0.01  0.04 -0.11 -0.19 -0.05  0.17  0.46  0.11 -0.00 -0.09  0.02 -0.16 -0.23 -0.10  0.27  0.90  0.15 -0.24 -0.24 -0.24  1.45  2.31  1.04 -0.37 -0.37  0.01
 1980  5  0.06  0.02  0.08 -0.02 -0.12  0.04  0.14  0.32  0.10  0.04 -0.07  0.07 -0.05 -0.13  0.03  0.19  0.60  0.11  0.10 -0.20  0.44  0.70  1.08  0.52 -0.51 -0.40  0.21
 1980  6  0.07 -0.14  0.16  0.06 -0.12  0.18  0.08 -0.18  0.14  0.13 -0.07  0.19  0.04 -0.13  0.18  0.05 -0.26  0.11 -0.08 -0.29  0.16 -0.35 -0.33 -0.36 -0.14 -0.06  0.11
 1980  7 -0.05  0.02 -0.08 -0.08 -0.15 -0.03 -0.02  0.40 -0.11 -0.11 -0.23 -0.07 -0.08 -0.14 -0.03  0.04  0.91 -0.11 -0.71 -0.71 -0.71  1.35  2.71  0.70  0.64  0.49 -0.33
 1980  8 -0.04 -0.04 -0.04 -0.17 -0.22 -0.13  0.09  0.37  0.03 -0.24 -0.37 -0.20 -0.13 -0.19 -0.09  0.26  0.94  0.14  0.09  0.33 -0.18  1.04  2.01  0.58 -0.18 -0.34  0.38
 1980  9 -0.02 -0.09  0.01 -0.19 -0.33 -0.11  0.15  0.46  0.09 -0.10 -0.26 -0.06 -0.25 -0.37 -0.14  0.29  1.04  0.16 -0.21 -0.15 -0.29  1.14  2.24  0.62  0.26  0.19  1.24
 1980 10 -0.16 -0.24 -0.13 -0.14 -0.19 -0.10 -0.19 -0.37 -0.15 -0.18 -0.27 -0.16 -0.13 -0.18 -0.08 -0.18 -0.41 -0.14  0.75  0.96  0.51 -0.66 -0.69 -0.64 -0.50 -0.26 -0.20
 1980 11 -0.14  0.07 -0.22 -0.05  0.14 -0.17 -0.23 -0.09 -0.25 -0.32 -0.43 -0.28  0.05  0.29 -0.16 -0.14  0.18 -0.19 -0.99 -0.62 -1.41  0.24  1.02 -0.13 -0.00  0.09  0.21
 1980 12 -0.24 -0.14 -0.28 -0.13  0.01 -0.21 -0.36 -0.48 -0.33 -0.32 -0.47 -0.28 -0.02  0.15 -0.18 -0.37 -0.51 -0.34 -0.38  0.04 -0.86 -0.66 -0.47 -0.75  1.56  1.18 -0.50
 1981  1 -0.07  0.18 -0.17 -0.02  0.41 -0.29 -0.12 -0.34 -0.08 -0.37 -0.50 -0.33  0.17  0.67 -0.28  0.01 -0.27  0.06  1.80  2.68  0.79 -0.37 -0.60 -0.26  0.32  0.95  0.23
 1981  2  0.03 -0.03  0.05 -0.12 -0.07 -0.14  0.17  0.05  0.19 -0.32 -0.41 -0.29 -0.03  0.02 -0.07  0.44  0.38  0.45  0.10  0.25 -0.06  0.40  0.44  0.38  0.35  0.39  0.39
 1981  3 -0.12 -0.10 -0.13 -0.26 -0.19 -0.31  0.02  0.09  0.00 -0.29 -0.42 -0.25 -0.25 -0.08 -0.41  0.19  0.31  0.17  0.11  0.24 -0.02  1.13  1.87  0.77 -1.64 -1.08 -1.40
 1981  4 -0.13  0.04 -0.19  0.16  0.32  0.06 -0.41 -0.60 -0.37 -0.20 -0.25 -0.18  0.30  0.46  0.15 -0.48 -0.83 -0.41  0.27  0.08  0.49 -0.26 -1.13  0.16  2.05  1.81  0.01
 1981  5 -0.14 -0.24 -0.10 -0.14 -0.27 -0.06 -0.15 -0.18 -0.14 -0.18 -0.31 -0.14 -0.14 -0.26 -0.03 -0.11 -0.05 -0.12  0.02  0.10 -0.07  0.11 -0.10  0.21 -0.77 -0.37 -0.73
 1981  6 -0.19 -0.28 -0.16 -0.12 -0.17 -0.09 -0.26 -0.51 -0.21 -0.24 -0.30 -0.22 -0.09 -0.15 -0.04 -0.24 -0.63 -0.17 -0.19 -0.00 -0.40 -0.24 -0.04 -0.33  0.62  0.24 -0.62
 1981  7 -0.09  0.02 -0.14 -0.08 -0.04 -0.11 -0.10  0.17 -0.16 -0.28 -0.47 -0.23  0.02  0.06 -0.02 -0.00  0.67 -0.12 -0.46 -0.40 -0.53  0.82  2.03  0.24  0.22  0.06 -0.03
 1981  8 -0.09  0.00 -0.13 -0.07 -0.13 -0.04 -0.11  0.31 -0.20 -0.33 -0.40 -0.31  0.05 -0.08  0.16  0.02  0.91 -0.14  0.14  0.30 -0.03  1.09  2.90  0.24 -0.25 -0.33 -0.30
 1981  9 -0.17 -0.16 -0.18 -0.21 -0.31 -0.15 -0.13  0.18 -0.20 -0.18 -0.39 -0.12 -0.24 -0.30 -0.18 -0.10  0.64 -0.23 -0.06 -0.34  0.25  0.80  1.53  0.46 -0.16 -0.42  0.70
 1981 10 -0.20 -0.31 -0.15 -0.09 -0.23 -0.00 -0.30 -0.48 -0.26 -0.10 -0.26 -0.05 -0.11 -0.26  0.01 -0.38 -0.54 -0.35  0.49  0.66  0.30 -0.17  0.06 -0.27 -0.41 -0.23 -0.71
 1981 11 -0.14 -0.15 -0.14 -0.05 -0.03 -0.06 -0.23 -0.40 -0.20 -0.12 -0.21 -0.09 -0.02  0.04 -0.08 -0.29 -0.63 -0.23  0.63  0.86  0.37 -1.07 -1.17 -1.02  0.72  0.54 -0.59
 1981 12 -0.01  0.15 -0.07  0.03  0.22 -0.09 -0.05 -0.00 -0.06 -0.14 -0.06 -0.17  0.10  0.29 -0.07  0.02  0.04  0.01 -0.07  0.23 -0.41 -0.11  0.16 -0.24 -0.01 -0.22  0.40
 1982  1 -0.21 -0.49 -0.10 -0.29 -0.65 -0.06 -0.13 -0.13 -0.13 -0.22 -0.29 -0.20 -0.31 -0.74  0.07 -0.11 -0.05 -0.12 -0.86 -1.37 -0.27  0.24  0.04  0.34 -1.25 -1.08  0.41
 1982  2 -0.23 -0.50 -0.13 -0.33 -0.63 -0.14 -0.13 -0.19 -0.12 -0.30 -0.38 -0.28 -0.33 -0.66 -0.04 -0.06 -0.17 -0.04  0.51  0.45  0.58 -0.25 -0.13 -0.30 -0.31 -0.30 -0.10
 1982  3 -0.31 -0.82 -0.11 -0.45 -0.87 -0.19 -0.17 -0.72 -0.06 -0.20 -0.30 -0.17 -0.58 -0.98 -0.22 -0.17 -1.15  0.01 -0.69 -1.04 -0.29 -1.13 -2.39 -0.53 -0.37 -0.28 -0.07
 1982  4 -0.32 -0.47 -0.26 -0.31 -0.31 -0.31 -0.33 -0.84 -0.22 -0.31 -0.50 -0.26 -0.31 -0.25 -0.36 -0.33 -1.10 -0.20 -0.47 -0.05 -0.94 -0.97 -1.54 -0.70 -1.36 -1.46 -0.82
 1982  5 -0.32 -0.40 -0.29 -0.43 -0.51 -0.38 -0.21 -0.14 -0.23 -0.21 -0.42 -0.15 -0.55 -0.54 -0.56 -0.21  0.10 -0.26 -1.31 -1.11 -1.54  0.56  0.59  0.55 -0.33 -0.67 -0.41
 1982  6 -0.26 -0.61 -0.12 -0.36 -0.60 -0.21 -0.15 -0.63 -0.06 -0.13 -0.32 -0.07 -0.51 -0.69 -0.34 -0.14 -0.80 -0.03 -0.66 -0.66 -0.65  0.06 -0.65  0.40 -1.40 -1.26 -0.68
 1982  7 -0.42 -0.45 -0.41 -0.41 -0.48 -0.36 -0.44 -0.38 -0.45 -0.29 -0.33 -0.27 -0.49 -0.54 -0.46 -0.50 -0.35 -0.52 -0.36 -0.33 -0.39 -0.27  0.39 -0.59 -0.42 -0.41 -1.07
 1982  8 -0.35 -0.48 -0.30 -0.43 -0.45 -0.42 -0.26 -0.54 -0.20 -0.33 -0.55 -0.27 -0.51 -0.47 -0.54 -0.20 -0.39 -0.17 -0.61 -0.62 -0.59 -0.76 -1.35 -0.48 -0.22 -0.23  0.42
 1982  9 -0.31 -0.43 -0.26 -0.27 -0.23 -0.30 -0.34 -0.89 -0.23 -0.31 -0.46 -0.27 -0.30 -0.22 -0.36 -0.32 -1.07 -0.18 -0.82 -0.51 -1.17 -1.03 -2.00 -0.57 -0.29 -0.18 -1.38
 1982 10 -0.40 -0.56 -0.33 -0.44 -0.50 -0.40 -0.35 -0.69 -0.28 -0.44 -0.65 -0.38 -0.44 -0.47 -0.42 -0.30 -0.72 -0.23 -0.82 -0.99 -0.63 -0.24 -0.73 -0.00 -0.36 -0.69 -1.12
 1982 11 -0.27 -0.37 -0.23 -0.45 -0.59 -0.35 -0.09  0.12 -0.13 -0.15 -0.38 -0.09 -0.57 -0.63 -0.51 -0.09  0.44 -0.18 -0.93 -0.96 -0.89  0.43  1.16  0.08 -0.67 -0.57 -0.09
 1982 12 -0.15 -0.02 -0.20 -0.04 -0.04 -0.04 -0.27  0.01 -0.32 -0.00 -0.20  0.06 -0.06 -0.00 -0.11 -0.41  0.19 -0.51 -0.35 -0.22 -0.50  0.56  1.22  0.25  0.74  0.66 -0.75
 1983  1  0.03  0.05  0.02  0.13  0.03  0.20 -0.08  0.09 -0.12  0.51  0.08  0.63 -0.05  0.11 -0.19 -0.41 -0.20 -0.44 -0.35  0.10 -0.87  0.28  0.17  0.33  0.53  0.30 -0.98
 1983  2 -0.15 -0.27 -0.10 -0.21 -0.45 -0.06 -0.09  0.14 -0.14  0.47  0.27  0.52 -0.57 -0.58 -0.56 -0.38 -0.15 -0.42 -0.03  0.14 -0.21 -0.08 -0.28  0.02 -0.01 -0.00 -0.04
 1983  3  0.16 -0.14  0.27  0.10 -0.21  0.30  0.21  0.02  0.25  0.56  0.37  0.61 -0.16 -0.32 -0.01  0.05 -0.35  0.12  0.32  0.14  0.53 -0.48 -0.93 -0.27 -0.76 -0.58 -0.09
 1983  4  0.08 -0.22  0.20 -0.09 -0.39  0.11  0.25  0.17  0.27  0.38  0.24  0.42 -0.34 -0.54 -0.15  0.18  0.06  0.20 -0.31 -0.11 -0.54  0.46  0.80  0.30 -2.57 -2.13 -0.98
 1983  5  0.09 -0.07  0.15 -0.14 -0.40  0.03  0.31  0.65  0.24  0.28  0.33  0.27 -0.37 -0.58 -0.19  0.33  0.87  0.24 -0.89 -1.01 -0.75  1.27  2.30  0.78 -1.56 -1.36  0.26
 1983  6 -0.19 -0.49 -0.08 -0.32 -0.59 -0.14 -0.07 -0.24 -0.04  0.12  0.06  0.14 -0.56 -0.76 -0.39 -0.15 -0.48 -0.10 -0.43 -0.26 -0.63  0.25  0.12  0.31 -1.15 -0.99 -0.41
 1983  7 -0.01 -0.21  0.07 -0.01 -0.06  0.02 -0.01 -0.55  0.10  0.25  0.31  0.23 -0.16 -0.15 -0.17 -0.14 -1.22  0.05 -0.21 -0.38 -0.02 -1.00 -1.82 -0.61  0.16  0.05 -0.93
 1983  8  0.01  0.05 -0.00  0.03  0.12 -0.02 -0.01 -0.11  0.01  0.09  0.03  0.11  0.00  0.13 -0.12 -0.06 -0.17 -0.04 -0.18 -0.13 -0.25 -0.25  0.04 -0.38  0.80  0.48 -0.48
 1983  9 -0.02  0.15 -0.08 -0.02  0.05 -0.06 -0.01  0.39 -0.10 -0.01 -0.01 -0.01 -0.01  0.08 -0.09 -0.03  0.65 -0.15 -0.09  0.16 -0.37  1.11  1.81  0.78 -0.01 -0.33  0.84
 1983 10 -0.10 -0.09 -0.11 -0.09  0.06 -0.19 -0.11 -0.42 -0.04 -0.17 -0.32 -0.13 -0.08  0.11 -0.24 -0.05 -0.36  0.01 -0.55 -0.40 -0.72 -0.70 -0.85 -0.64  0.53  0.34 -0.03
 1983 11 -0.08  0.01 -0.11  0.08  0.33 -0.08 -0.24 -0.71 -0.14 -0.19 -0.32 -0.15  0.20  0.50 -0.06 -0.24 -0.99 -0.11  0.08  0.61 -0.52 -1.18 -1.95 -0.82 -0.17  0.05 -0.13
 1983 12 -0.30 -0.43 -0.24 -0.21 -0.31 -0.15 -0.38 -0.69 -0.31 -0.36 -0.53 -0.31 -0.14 -0.27 -0.02 -0.38 -0.75 -0.32  0.24  0.50 -0.06 -0.78 -1.30 -0.54 -1.85 -1.12 -0.67
 1984  1 -0.35 -0.40 -0.33 -0.35 -0.38 -0.33 -0.34 -0.44 -0.32 -0.51 -0.63 -0.47 -0.25 -0.35 -0.17 -0.27 -0.19 -0.28 -0.53 -0.09 -1.04  0.24  0.18  0.26 -0.41 -0.47 -1.10
 1984  2 -0.21 -0.38 -0.15 -0.29 -0.34 -0.25 -0.14 -0.46 -0.07 -0.32 -0.40 -0.30 -0.25 -0.36 -0.16 -0.06 -0.40  0.01 -0.15 -0.12 -0.18 -0.23 -0.75  0.02  0.16 -0.44 -0.62
 1984  3 -0.13 -0.19 -0.11 -0.34 -0.32 -0.35  0.07  0.09  0.07 -0.06 -0.12 -0.05 -0.50 -0.40 -0.59  0.15  0.32  0.12 -0.23 -0.06 -0.42  0.58  0.93  0.41 -0.95 -0.50 -0.49
 1984  4 -0.25 -0.41 -0.18 -0.36 -0.48 -0.28 -0.13 -0.23 -0.11 -0.20 -0.28 -0.18 -0.46 -0.57 -0.35 -0.09 -0.09 -0.08 -1.05 -1.14 -0.94  0.17  0.46  0.03 -1.05 -1.31 -0.53
 1984  5 -0.12 -0.01 -0.16 -0.22 -0.17 -0.25 -0.02  0.35 -0.09 -0.33 -0.25 -0.35 -0.16 -0.14 -0.18  0.15  0.79  0.04 -0.01  0.19 -0.25  1.69  2.50  1.31 -0.17 -0.48 -0.60
 1984  6 -0.22 -0.24 -0.21 -0.11 -0.08 -0.13 -0.33 -0.60 -0.28 -0.37 -0.41 -0.35  0.04  0.02  0.07 -0.33 -0.81 -0.25  0.18  0.14  0.24 -1.12 -1.56 -0.91 -0.48 -0.46  0.12
 1984  7 -0.30 -0.43 -0.24 -0.30 -0.35 -0.27 -0.29 -0.63 -0.22 -0.51 -0.54 -0.50 -0.21 -0.31 -0.11 -0.16 -0.64 -0.08  0.12 -0.01  0.26 -1.02 -0.78 -1.13 -0.26 -0.33 -0.86
 1984  8 -0.22 -0.35 -0.17 -0.20 -0.22 -0.18 -0.24 -0.65 -0.16 -0.25 -0.30 -0.23 -0.20 -0.25 -0.15 -0.21 -0.75 -0.12 -0.19 -0.40  0.04  0.20 -0.04  0.31 -0.03 -0.01 -0.61
 1984  9 -0.51 -0.76 -0.41 -0.49 -0.74 -0.33 -0.53 -0.81 -0.48 -0.49 -0.63 -0.46 -0.50 -0.80 -0.24 -0.53 -0.86 -0.48  0.06 -0.25  0.41 -0.32 -0.26 -0.35 -0.89 -0.77 -2.11
 1984 10 -0.07 -0.25 -0.00 -0.10 -0.24 -0.01 -0.05 -0.29  0.00 -0.16 -0.15 -0.16 -0.08 -0.27  0.09  0.03 -0.35  0.09  0.35  0.05  0.69 -0.24 -0.99  0.12 -0.75 -0.38 -0.06
 1984 11 -0.20 -0.33 -0.15 -0.30 -0.37 -0.25 -0.11 -0.25 -0.08 -0.28 -0.34 -0.26 -0.30 -0.37 -0.23 -0.03 -0.19  0.00 -0.50 -0.71 -0.25 -0.35 -0.50 -0.28 -0.53 -0.54  0.15
 1984 12 -0.25 -0.72 -0.06 -0.48 -1.07 -0.10 -0.01  0.07 -0.02 -0.25 -0.40 -0.20 -0.57 -1.23  0.01  0.08  0.34  0.04 -0.35 -0.76  0.11  0.94  1.42  0.71  1.07  0.98  0.33
 1985  1 -0.28 -0.23 -0.30 -0.32 -0.31 -0.32 -0.24 -0.05 -0.28 -0.31 -0.17 -0.35 -0.32 -0.35 -0.29 -0.21  0.05 -0.25  0.97  0.93  1.02  0.31  0.68  0.14 -1.42 -0.62 -0.37
 1985  2 -0.46 -0.54 -0.43 -0.34 -0.47 -0.26 -0.58 -0.68 -0.56 -0.47 -0.46 -0.47 -0.27 -0.51 -0.06 -0.65 -0.76 -0.63 -0.78 -0.88 -0.66 -1.11 -1.63 -0.86 -1.34 -1.54 -0.17
 1985  3 -0.45 -0.53 -0.42 -0.63 -0.72 -0.58 -0.27 -0.11 -0.31 -0.47 -0.28 -0.52 -0.70 -0.83 -0.58 -0.19 -0.01 -0.22 -1.28 -1.30 -1.25 -0.38  0.07 -0.59  0.07 -0.27  0.00
 1985  4 -0.31 -0.28 -0.33 -0.44 -0.31 -0.53 -0.19 -0.20 -0.18 -0.53 -0.61 -0.51 -0.36 -0.22 -0.49 -0.03  0.07 -0.05 -1.52 -1.23 -1.86  0.09  0.70 -0.21  0.56 -0.20 -0.13
 1985  5 -0.33 -0.36 -0.31 -0.32 -0.26 -0.36 -0.33 -0.59 -0.28 -0.39 -0.50 -0.35 -0.27 -0.20 -0.34 -0.32 -0.65 -0.26 -0.35 -0.47 -0.22 -0.71 -0.89 -0.63  0.34  0.09 -0.98
 1985  6 -0.36 -0.43 -0.33 -0.45 -0.50 -0.42 -0.27 -0.27 -0.27 -0.49 -0.72 -0.42 -0.46 -0.49 -0.43 -0.12  0.22 -0.18 -0.51 -0.67 -0.32  0.19  0.45  0.06 -0.36 -0.58 -0.58
 1985  7 -0.52 -0.82 -0.41 -0.68 -0.85 -0.57 -0.37 -0.76 -0.28 -0.81 -0.94 -0.77 -0.61 -0.83 -0.42 -0.14 -0.63 -0.05 -0.82 -1.27 -0.30 -0.61 -1.81 -0.05 -0.27 -0.22  0.00
 1985  8 -0.28 -0.30 -0.27 -0.42 -0.37 -0.45 -0.13 -0.14 -0.13 -0.48 -0.56 -0.45 -0.39 -0.33 -0.45  0.05  0.20  0.02 -0.76 -0.71 -0.82  0.08  0.63 -0.19 -0.73 -0.78 -0.31
 1985  9 -0.38 -0.40 -0.38 -0.43 -0.31 -0.51 -0.34 -0.61 -0.28 -0.53 -0.59 -0.52 -0.39 -0.25 -0.52 -0.22 -0.60 -0.15 -0.11  0.23 -0.49 -0.59 -0.75 -0.52 -0.95 -0.76 -0.94
 1985 10 -0.43 -0.55 -0.39 -0.38 -0.43 -0.34 -0.49 -0.81 -0.43 -0.37 -0.46 -0.34 -0.41 -0.47 -0.35 -0.53 -0.93 -0.46 -0.42 -0.67 -0.13 -0.50 -0.98 -0.26  0.04 -0.30 -1.19
 1985 11 -0.28 -0.50 -0.20 -0.29 -0.48 -0.17 -0.27 -0.54 -0.22 -0.33 -0.54 -0.27 -0.29 -0.50 -0.11 -0.22 -0.45 -0.18  0.81  0.73  0.91 -0.77 -1.40 -0.47 -0.64 -0.27 -0.22
 1985 12 -0.25 -0.31 -0.22 -0.15 -0.18 -0.13 -0.35 -0.61 -0.29 -0.30 -0.36 -0.28 -0.09 -0.13 -0.06 -0.35 -0.81 -0.27  0.95  1.27  0.58 -1.05 -1.45 -0.86 -0.89 -0.23 -0.25
 1986  1 -0.14 -0.02 -0.18 -0.11  0.10 -0.25 -0.16 -0.30 -0.13 -0.16 -0.23 -0.14 -0.11  0.15 -0.35 -0.14 -0.26 -0.12 -0.46 -0.06 -0.92 -0.32 -0.11 -0.42  1.13  0.97 -0.51
 1986  2 -0.36 -0.29 -0.38 -0.49 -0.46 -0.50 -0.23  0.10 -0.29 -0.50 -0.60 -0.47 -0.46 -0.42 -0.50 -0.10  0.63 -0.22  0.54  0.63  0.44  0.99  2.26  0.39  0.42  0.53 -0.30
 1986  3 -0.27 -0.30 -0.26 -0.26 -0.32 -0.22 -0.28 -0.26 -0.28 -0.40 -0.56 -0.35 -0.22 -0.28 -0.16 -0.18  0.06 -0.22 -0.92 -0.82 -1.03  0.22  0.55  0.06  0.99  0.62  0.27
 1986  4 -0.16 -0.16 -0.16 -0.24 -0.19 -0.28 -0.08 -0.08 -0.08 -0.24 -0.32 -0.22 -0.23 -0.16 -0.30  0.00  0.12 -0.02 -0.76 -0.55 -1.00  0.14  0.18  0.12  0.52 -0.06 -0.10
 1986  5 -0.14 -0.21 -0.11 -0.17 -0.28 -0.09 -0.10 -0.04 -0.12 -0.24 -0.35 -0.20 -0.13 -0.28 -0.01 -0.03  0.21 -0.08 -0.45 -0.65 -0.21  0.17  0.46  0.04  0.16 -0.14 -0.07
 1986  6 -0.20 -0.25 -0.17 -0.14 -0.16 -0.13 -0.25 -0.46 -0.20 -0.20 -0.30 -0.17 -0.11 -0.12 -0.11 -0.27 -0.58 -0.22 -0.16 -0.41  0.13 -0.56 -1.30 -0.21  0.90  0.73 -0.36
 1986  7 -0.26 -0.46 -0.18 -0.30 -0.42 -0.23 -0.21 -0.54 -0.14 -0.37 -0.66 -0.29 -0.30 -0.41 -0.20 -0.09 -0.30 -0.06 -0.62 -0.58 -0.66  0.11 -0.14  0.22 -0.33 -0.22 -1.26
 1986  8 -0.26 -0.50 -0.17 -0.29 -0.45 -0.18 -0.24 -0.61 -0.16 -0.15 -0.32 -0.10 -0.42 -0.53 -0.32 -0.22 -0.68 -0.14 -0.95 -0.66 -1.28 -0.35 -0.40 -0.33 -0.58 -0.78 -0.88
 1986  9 -0.31 -0.52 -0.23 -0.35 -0.50 -0.26 -0.27 -0.56 -0.21 -0.19 -0.54 -0.09 -0.46 -0.51 -0.41 -0.30 -0.51 -0.26 -0.82 -0.54 -1.13 -0.68 -0.96 -0.55 -1.19 -0.79 -0.19
 1986 10 -0.31 -0.43 -0.26 -0.25 -0.33 -0.19 -0.37 -0.65 -0.31 -0.10 -0.40 -0.02 -0.35 -0.36 -0.34 -0.48 -0.70 -0.44 -0.26  0.09 -0.66 -0.43 -0.25 -0.51 -0.45 -0.03 -1.31
 1986 11 -0.15 -0.37 -0.06 -0.25 -0.45 -0.13 -0.04 -0.19 -0.01 -0.07 -0.25 -0.02 -0.38 -0.52 -0.24  0.00 -0.07  0.01 -0.24  0.07 -0.60  0.21 -0.08  0.34  0.06  0.09  0.07
 1986 12 -0.10 -0.30 -0.02 -0.12 -0.35  0.02 -0.08 -0.18 -0.05  0.02 -0.19  0.09 -0.20 -0.37 -0.05 -0.12 -0.23 -0.11 -0.82 -0.90 -0.73 -0.38 -0.57 -0.29  0.21  0.39 -0.49
 1987  1  0.10  0.17  0.07  0.19  0.13  0.23  0.01  0.25 -0.04  0.14  0.03  0.17  0.19  0.14  0.24 -0.03  0.48 -0.12  0.09 -0.20  0.42  0.09  0.82 -0.25 -0.12 -0.02  0.11
 1987  2  0.09  0.27  0.02  0.14  0.42 -0.05  0.05 -0.06  0.07  0.16  0.07  0.18  0.12  0.52 -0.23 -0.01 -0.17  0.02 -0.54 -0.16 -0.99  0.15 -0.29  0.36  0.55  0.39 -0.41
 1987  3 -0.20 -0.43 -0.10 -0.21 -0.50 -0.03 -0.18 -0.28 -0.16  0.11  0.04  0.13 -0.38 -0.62 -0.17 -0.34 -0.58 -0.29 -0.31 -0.29 -0.32 -0.26 -0.42 -0.18 -0.14 -0.00 -1.25
 1987  4  0.08 -0.13  0.16 -0.08 -0.24  0.03  0.24  0.12  0.26  0.26  0.08  0.31 -0.25 -0.31 -0.19  0.22  0.10  0.24 -0.49 -0.83 -0.10 -0.37 -0.30 -0.41  0.61  0.30  0.19
 1987  5 -0.09 -0.33  0.01 -0.29 -0.36 -0.25  0.12 -0.26  0.20  0.05 -0.03  0.07 -0.45 -0.43 -0.47  0.13 -0.49  0.24 -0.54 -0.74 -0.31 -0.13 -0.41  0.00  0.59  0.34 -0.27
 1987  6  0.16 -0.07  0.25  0.01 -0.25  0.18  0.31  0.32  0.31  0.41  0.12  0.49 -0.22 -0.37 -0.08  0.28  0.54  0.23 -0.52 -0.89 -0.08  0.52  1.28  0.17  0.47  0.31 -0.31
 1987  7  0.04 -0.07  0.08 -0.02 -0.24  0.13  0.09  0.32  0.04  0.41  0.60  0.35 -0.27 -0.48 -0.08 -0.05  0.14 -0.08 -0.44 -0.68 -0.16  0.48  0.95  0.25 -0.43 -0.37 -0.89
 1987  8 -0.07 -0.41  0.07 -0.13 -0.31 -0.01 -0.00 -0.62  0.13  0.30  0.23  0.32 -0.34 -0.47 -0.22 -0.17 -1.23  0.02 -0.51 -0.49 -0.54 -0.80 -2.17 -0.15 -0.52 -0.34 -0.44
 1987  9 -0.08 -0.20 -0.03 -0.03 -0.12  0.03 -0.14 -0.39 -0.08  0.34  0.30  0.35 -0.24 -0.26 -0.23 -0.36 -0.84 -0.28 -0.81 -0.61 -1.04 -0.34 -0.33 -0.34 -0.67 -0.81 -1.11
 1987 10  0.08 -0.08  0.15  0.08 -0.17  0.24  0.08  0.12  0.07  0.40  0.27  0.44 -0.08 -0.28  0.10 -0.10 -0.02 -0.11  0.75  0.59  0.94  0.25  0.65  0.06 -0.52 -0.37 -0.28
 1987 11  0.09 -0.02  0.13  0.08 -0.06  0.18  0.09  0.06  0.09  0.48  0.35  0.52 -0.14 -0.18 -0.10 -0.11 -0.12 -0.11 -0.69 -0.81 -0.55 -0.34 -0.61 -0.22  0.33  0.20  0.12
 1987 12  0.38  0.42  0.37  0.57  0.58  0.57  0.19  0.07  0.22  0.66  0.52  0.69  0.49  0.60  0.40 -0.02 -0.28  0.03 -0.24 -0.36 -0.10 -0.08 -0.40  0.08  0.54  0.32  0.17
 1988  1  0.16  0.09  0.19  0.18  0.04  0.27  0.14  0.21  0.13  0.32  0.23  0.35  0.08 -0.01  0.16  0.07  0.19  0.05 -0.18 -0.10 -0.27  0.40  0.51  0.35 -1.33 -0.88 -0.13
 1988  2 -0.04 -0.29  0.06 -0.11 -0.35  0.05  0.03 -0.14  0.06  0.21  0.17  0.22 -0.27 -0.47 -0.09 -0.08 -0.46 -0.01  0.42  0.09  0.80 -0.51 -0.53 -0.50 -1.14 -0.90 -0.49
 1988  3  0.17  0.09  0.20  0.11 -0.03  0.20  0.22  0.35  0.19  0.47  0.40  0.48 -0.08 -0.17 -0.00  0.10  0.40  0.05 -0.01  0.33 -0.39  0.26  0.58  0.11 -0.76 -0.77 -0.31
 1988  4  0.03  0.03  0.03 -0.14 -0.05 -0.20  0.20  0.22  0.19  0.09  0.16  0.06 -0.26 -0.10 -0.41  0.25  0.24  0.26 -1.18 -0.91 -1.49  0.48  0.36  0.54  0.11 -0.01  0.06
 1988  5  0.08  0.05  0.09  0.12 -0.00  0.19  0.05  0.18  0.02  0.18  0.18  0.18  0.08 -0.07  0.21 -0.02  0.23 -0.07  0.21 -0.01  0.47  0.20  0.88 -0.12 -0.07  0.02  0.64
 1988  6  0.07  0.19  0.03  0.12  0.19  0.07  0.02  0.18 -0.01 -0.14 -0.13 -0.15  0.25  0.27  0.24  0.12  0.44  0.06  0.33  0.12  0.57  0.37  1.21 -0.03  1.17  1.02  0.61
 1988  7  0.14  0.23  0.11  0.17  0.30  0.09  0.11  0.07  0.12 -0.02 -0.06 -0.01  0.29  0.40  0.19  0.17  0.13  0.17  0.43  0.57  0.26  0.16 -0.25  0.36  0.19  0.15  0.65
 1988  8  0.05  0.19 -0.01  0.15  0.15  0.16 -0.06  0.26 -0.13  0.01  0.04  0.01  0.25  0.23  0.28 -0.12  0.30 -0.20  0.12  0.02  0.24  0.73  0.93  0.64  0.47  0.39 -0.75
 1988  9  0.19  0.39  0.12  0.17  0.34  0.05  0.22  0.48  0.17  0.03  0.04  0.03  0.25  0.45  0.07  0.31  0.73  0.24  0.34  0.70 -0.08  0.84  1.19  0.67  0.48  0.21  0.49
 1988 10 -0.06  0.17 -0.15 -0.01  0.08 -0.06 -0.11  0.39 -0.22 -0.15 -0.04 -0.18  0.04  0.11 -0.02 -0.07  0.69 -0.20  0.00  0.24 -0.27  0.85  1.67  0.47 -0.39 -0.39  1.18
 1988 11 -0.13 -0.19 -0.10 -0.20 -0.15 -0.23 -0.06 -0.30 -0.01 -0.36 -0.31 -0.38 -0.14 -0.12 -0.16  0.13 -0.23  0.19 -0.53 -0.16 -0.96 -0.08 -0.14 -0.04 -0.30 -0.53 -0.32
 1988 12 -0.20 -0.04 -0.26 -0.25  0.08 -0.46 -0.15 -0.30 -0.12 -0.68 -0.49 -0.74 -0.02  0.22 -0.24  0.13 -0.14  0.18 -0.01  0.54 -0.64  0.34 -0.23  0.61 -0.10 -0.06  0.33
 1989  1 -0.39 -0.54 -0.33 -0.45 -0.45 -0.45 -0.32 -0.73 -0.23 -0.58 -0.56 -0.58 -0.38 -0.44 -0.33 -0.19 -0.81 -0.08 -1.95 -1.92 -1.98 -0.31 -0.51 -0.22  0.67 -0.24 -1.28
 1989  2 -0.26 -0.46 -0.17 -0.28 -0.50 -0.14 -0.23 -0.37 -0.20 -0.71 -0.69 -0.72 -0.03 -0.43  0.33 -0.00 -0.22  0.04  0.04  0.37 -0.35  0.03 -0.04  0.07 -0.77  0.19 -0.58
 1989  3 -0.30 -0.19 -0.35 -0.32 -0.08 -0.47 -0.29 -0.43 -0.27 -0.75 -0.81 -0.73 -0.03  0.14 -0.19 -0.11 -0.23 -0.09 -0.24  0.19 -0.73 -0.13 -0.24 -0.08  0.91  1.02 -0.19
 1989  4 -0.20 -0.25 -0.18 -0.21 -0.27 -0.17 -0.19 -0.20 -0.19 -0.48 -0.45 -0.49 -0.05 -0.23  0.12 -0.05  0.01 -0.06  0.56  0.39  0.75 -0.15  0.06 -0.24  0.33  0.65  0.42
 1989  5 -0.31 -0.45 -0.26 -0.33 -0.34 -0.33 -0.30 -0.69 -0.21 -0.53 -0.63 -0.50 -0.22 -0.26 -0.19 -0.18 -0.76 -0.08 -0.51 -0.36 -0.68 -1.28 -2.37 -0.77 -0.27 -0.25  0.52
 1989  6 -0.29 -0.49 -0.21 -0.31 -0.36 -0.29 -0.26 -0.77 -0.15 -0.50 -0.42 -0.52 -0.25 -0.36 -0.15 -0.11 -1.00  0.05 -0.19 -0.15 -0.24 -0.98 -2.08 -0.46 -0.49 -0.45 -0.37
 1989  7 -0.20 -0.30 -0.16 -0.18 -0.13 -0.21 -0.21 -0.67 -0.12 -0.37 -0.46 -0.34 -0.11 -0.07 -0.15 -0.10 -0.74  0.02 -0.03  0.07 -0.14  0.04 -0.49  0.29  0.02  0.12 -1.25
 1989  8 -0.19 -0.33 -0.13 -0.21 -0.34 -0.13 -0.17 -0.32 -0.13 -0.34 -0.45 -0.31 -0.16 -0.32 -0.02 -0.06 -0.19 -0.04  0.02 -0.08  0.14  0.27  0.44  0.19 -0.89 -0.58 -1.50
 1989  9 -0.05 -0.01 -0.07 -0.00  0.01 -0.01 -0.10 -0.04 -0.11 -0.26 -0.25 -0.26  0.13  0.07  0.19 -0.01  0.15 -0.04  0.09  0.08  0.12  0.57  1.17  0.28  0.03  0.33  0.01
 1989 10 -0.13 -0.05 -0.16 -0.09 -0.05 -0.12 -0.16 -0.05 -0.19 -0.25 -0.34 -0.22 -0.01  0.03 -0.05 -0.11  0.18 -0.16 -0.20 -0.19 -0.22  0.33  0.84  0.09 -0.13 -0.11  0.13
 1989 11 -0.16 -0.48 -0.04 -0.27 -0.54 -0.10 -0.06 -0.33  0.00 -0.06 -0.07 -0.05 -0.40 -0.65 -0.17 -0.05 -0.58  0.05 -0.75 -0.67 -0.84 -0.42 -0.72 -0.28 -0.15 -0.52 -0.82
 1989 12 -0.04 -0.10 -0.02 -0.35 -0.35 -0.34  0.26  0.48  0.21 -0.29 -0.36 -0.27 -0.39 -0.33 -0.45  0.57  1.06  0.48  0.20  0.48 -0.12  1.43  2.29  1.03 -1.95 -1.57 -0.10
 1990  1 -0.08 -0.21 -0.03 -0.17 -0.33 -0.07  0.01  0.07 -0.01 -0.20 -0.19 -0.20 -0.17 -0.37  0.00  0.13  0.29  0.10 -0.64 -1.28  0.10  0.68  0.72  0.67  1.08  0.64  0.29
 1990  2 -0.19 -0.25 -0.16 -0.17 -0.12 -0.20 -0.21 -0.56 -0.13 -0.31 -0.48 -0.26 -0.06  0.03 -0.14 -0.19 -0.80 -0.08 -1.17 -1.24 -1.10 -0.22 -0.04 -0.31  0.27 -0.46 -2.04
 1990  3  0.07  0.27 -0.01  0.22  0.47  0.06 -0.09 -0.18 -0.07 -0.16 -0.32 -0.12  0.43  0.74  0.15 -0.05 -0.25 -0.01  0.20  0.75 -0.44 -0.58 -0.50 -0.62  0.81  1.02  0.66
 1990  4 -0.08 -0.19 -0.04 -0.17 -0.31 -0.08  0.01  0.06 -0.00 -0.03 -0.03 -0.02 -0.24 -0.37 -0.13  0.02  0.10  0.01  0.02  0.23 -0.22  0.46  0.81  0.29  0.12  0.56 -0.21
 1990  5  0.08  0.01  0.11  0.03 -0.09  0.11  0.13  0.22  0.11  0.03 -0.06  0.06  0.02 -0.10  0.13  0.19  0.44  0.14  0.00 -0.08  0.11  0.57  1.07  0.34 -0.95 -0.62  0.49
 1990  6  0.09  0.00  0.12  0.12  0.12  0.11  0.07 -0.25  0.13  0.06 -0.02  0.09  0.14  0.15  0.14  0.07 -0.40  0.15  0.09  0.06  0.13 -0.70 -0.98 -0.57  0.61  0.57  0.25
 1990  7  0.01 -0.06  0.03 -0.06 -0.15 -0.00  0.07  0.16  0.06 -0.16 -0.30 -0.12 -0.02 -0.13  0.08  0.21  0.56  0.15  0.05 -0.08  0.19  1.80  2.48  1.47 -0.42 -0.34 -0.35
 1990  8 -0.06 -0.26  0.01 -0.08 -0.21  0.01 -0.05 -0.36  0.02 -0.07 -0.24 -0.03 -0.11 -0.26  0.01 -0.00 -0.31  0.05 -0.06 -0.22  0.13 -0.62 -0.75 -0.56 -0.54 -0.29  0.02
 1990  9 -0.12 -0.32 -0.05 -0.13 -0.18 -0.09 -0.12 -0.61 -0.02 -0.10 -0.29 -0.05 -0.16 -0.20 -0.12 -0.11 -0.72 -0.01 -0.43 -0.79 -0.01 -0.48 -0.93 -0.27  0.64  0.55 -0.64
 1990 10  0.02 -0.01  0.03  0.05 -0.09  0.14 -0.01  0.18 -0.05  0.01 -0.04  0.02  0.05 -0.12  0.21 -0.01  0.35 -0.08 -0.74 -0.86 -0.60 -0.11  0.56 -0.42  0.30  0.03 -0.09
 1990 11  0.26  0.32  0.23  0.27  0.26  0.28  0.24  0.47  0.19  0.12  0.08  0.13  0.33  0.29  0.36  0.32  0.80  0.23 -1.34 -1.54 -1.11  0.31  0.72  0.11  1.58  0.90  1.03
 1990 12  0.17  0.21  0.15  0.21  0.16  0.25  0.12  0.33  0.08  0.07  0.05  0.07  0.27  0.16  0.37  0.17  0.66  0.08 -0.79 -0.50 -1.13  0.61  1.08  0.38 -0.16 -0.17  0.42
 1991  1  0.04 -0.19  0.13 -0.03 -0.28  0.12  0.11  0.00  0.13  0.20  0.08  0.24 -0.17 -0.38  0.02  0.07 -0.03  0.09 -0.11  0.02 -0.25 -0.29 -0.21 -0.33 -0.84 -0.51  0.33
 1991  2  0.09  0.18  0.06  0.08 -0.01  0.13  0.11  0.60  0.01  0.16  0.11  0.18  0.03 -0.03  0.09  0.08  0.94 -0.07  0.19  0.12  0.28  0.68  1.41  0.34  1.72  1.46  1.23
 1991  3  0.24  0.05  0.32  0.28  0.08  0.41  0.20 -0.01  0.25  0.18  0.07  0.22  0.32  0.07  0.54  0.23 -0.03  0.27  0.21 -0.08  0.54 -0.15 -0.08 -0.19 -0.30 -0.11  0.02
 1991  4 -0.01  0.11 -0.05 -0.02  0.04 -0.05  0.00  0.27 -0.05 -0.02 -0.21  0.04 -0.02  0.09 -0.12  0.02  0.68 -0.10 -0.16  0.43 -0.84  0.83  1.62  0.45 -0.11 -0.10 -0.32
 1991  5  0.11  0.03  0.14  0.17  0.05  0.25  0.05  0.01  0.06  0.17 -0.07  0.24  0.18  0.08  0.28 -0.02  0.06 -0.03  0.42  0.51  0.31 -0.00 -0.38  0.18  0.61  0.55 -0.36
 1991  6  0.30  0.33  0.29  0.23  0.22  0.23  0.38  0.58  0.33  0.35  0.27  0.37  0.17  0.19  0.14  0.39  0.86  0.31  0.20  0.40 -0.04  1.06  1.82  0.70 -0.18 -0.06  1.09
 1991  7  0.13  0.21  0.09  0.11  0.09  0.13  0.14  0.49  0.07  0.08 -0.06  0.12  0.13  0.13  0.14  0.17  0.92  0.04  0.58  0.48  0.69  1.28  2.26  0.82 -0.24 -0.38  0.30
 1991  8  0.14  0.17  0.12  0.12  0.06  0.16  0.15  0.42  0.10 -0.06 -0.23 -0.00  0.21  0.15  0.27  0.27  0.89  0.16  0.29  0.23  0.36  1.01  1.94  0.57 -0.19 -0.23  0.21
 1991  9 -0.06 -0.04 -0.07 -0.00 -0.02  0.01 -0.12 -0.08 -0.13  0.03 -0.13  0.08 -0.05 -0.04 -0.05 -0.18  0.09 -0.22  0.27  0.20  0.35  0.14  0.42  0.01 -0.12  0.04 -0.36
 1991 10 -0.21 -0.24 -0.20 -0.18 -0.27 -0.11 -0.25 -0.17 -0.27 -0.48 -0.62 -0.44 -0.01 -0.18  0.15 -0.14  0.18 -0.19 -0.29 -0.23 -0.36  0.51  0.38  0.57  0.01  0.15  0.52
 1991 11 -0.27 -0.24 -0.28 -0.16 -0.18 -0.14 -0.38 -0.35 -0.38 -0.34 -0.48 -0.30 -0.08 -0.11 -0.05 -0.38 -0.27 -0.40 -0.17  0.30 -0.72 -0.03  0.06 -0.07 -0.87 -0.63 -0.30
 1991 12 -0.27 -0.24 -0.28 -0.24 -0.30 -0.20 -0.29 -0.09 -0.34 -0.22 -0.35 -0.18 -0.25 -0.27 -0.22 -0.34  0.04 -0.40 -0.70 -0.73 -0.66  1.15  1.96  0.76  1.06  0.65 -1.44
 1992  1 -0.18 -0.15 -0.19 -0.18 -0.16 -0.19 -0.18 -0.12 -0.20 -0.25 -0.45 -0.19 -0.12  0.01 -0.23 -0.17 -0.16 -0.17  0.13  0.24  0.01  0.46  0.49  0.44  0.48  0.42 -1.29
 1992  2 -0.22 -0.19 -0.23 -0.15 -0.25 -0.09 -0.29 -0.07 -0.33 -0.03 -0.27  0.03 -0.22 -0.22 -0.22 -0.41  0.01 -0.49 -0.09  0.21 -0.43  0.21  0.30  0.17  0.83  0.68 -0.13
 1992  3 -0.14 -0.22 -0.10 -0.17 -0.30 -0.08 -0.10 -0.02 -0.12  0.08 -0.03  0.11 -0.33 -0.37 -0.29 -0.17 -0.04 -0.20  0.07  0.23 -0.11  0.06  0.08  0.06 -0.22 -0.35  0.00
 1992  4 -0.27 -0.45 -0.20 -0.36 -0.58 -0.22 -0.18 -0.16 -0.19  0.08  0.03  0.10 -0.60 -0.72 -0.49 -0.31 -0.35 -0.30 -1.23 -1.29 -1.16  0.13 -0.05  0.21  0.54  0.29 -0.52
 1992  5 -0.24 -0.44 -0.16 -0.46 -0.70 -0.31 -0.02  0.14 -0.05 -0.04 -0.01 -0.05 -0.66 -0.84 -0.50 -0.03  0.12 -0.05 -1.29 -1.26 -1.32  0.77  0.91  0.71  0.11 -0.22 -0.26
 1992  6 -0.22 -0.43 -0.14 -0.43 -0.70 -0.25 -0.01  0.17 -0.05  0.03 -0.03  0.05 -0.68 -0.88 -0.50 -0.03  0.31 -0.09 -0.90 -1.13 -0.63  0.60  0.88  0.47 -0.66 -0.56 -0.21
 1992  7 -0.38 -0.67 -0.27 -0.63 -0.88 -0.47 -0.14 -0.19 -0.13 -0.34 -0.49 -0.30 -0.77 -0.99 -0.57 -0.04  0.06 -0.06 -1.08 -1.10 -1.06  0.40  0.42  0.39 -1.34 -1.15  0.16
 1992  8 -0.46 -0.66 -0.39 -0.57 -0.71 -0.48 -0.36 -0.55 -0.32 -0.30 -0.53 -0.24 -0.73 -0.77 -0.69 -0.37 -0.51 -0.35 -1.11 -0.82 -1.45  0.04  0.15 -0.02 -1.39 -1.25 -0.51
 1992  9 -0.44 -0.87 -0.27 -0.49 -0.80 -0.29 -0.39 -1.01 -0.25 -0.35 -0.54 -0.30 -0.58 -0.88 -0.32 -0.38 -1.34 -0.21 -0.91 -1.12 -0.67 -1.14 -2.12 -0.68 -0.20 -0.77 -0.86
 1992 10 -0.24 -0.40 -0.18 -0.36 -0.42 -0.32 -0.12 -0.36 -0.07 -0.25 -0.31 -0.24 -0.43 -0.44 -0.42 -0.04 -0.41  0.02 -0.79 -0.56 -1.06 -0.12 -0.15 -0.11 -0.03 -0.17 -1.07
 1992 11 -0.27 -0.48 -0.18 -0.26 -0.41 -0.17 -0.27 -0.65 -0.19 -0.44 -0.66 -0.38 -0.15 -0.31 -0.01 -0.19 -0.75 -0.10 -0.72 -0.72 -0.72 -0.02 -0.25  0.09 -1.21 -0.96 -1.25
 1992 12 -0.32 -0.36 -0.30 -0.26 -0.26 -0.26 -0.38 -0.59 -0.34 -0.33 -0.39 -0.31 -0.23 -0.20 -0.26 -0.40 -0.80 -0.32 -0.59 -0.28 -0.94 -0.05 -0.89  0.34  0.01 -0.15 -1.05
 1993  1 -0.34 -0.30 -0.35 -0.32 -0.31 -0.33 -0.35 -0.29 -0.37 -0.38 -0.63 -0.31 -0.29 -0.23 -0.34 -0.33 -0.03 -0.39 -0.94 -0.41 -1.55  0.46  0.42  0.47 -0.15 -0.32 -0.58
 1993  2 -0.27 -0.30 -0.25 -0.21 -0.20 -0.21 -0.32 -0.53 -0.28 -0.47 -0.72 -0.40 -0.06 -0.04 -0.07 -0.26 -0.45 -0.22  0.47  0.65  0.27  0.03 -0.23  0.16 -1.11 -0.62 -0.63
 1993  3 -0.42 -0.41 -0.43 -0.38 -0.35 -0.41 -0.46 -0.54 -0.45 -0.41 -0.55 -0.37 -0.37 -0.29 -0.44 -0.48 -0.52 -0.48 -0.67 -0.18 -1.23 -0.34 -0.65 -0.19 -0.57 -0.37 -0.60
 1993  4 -0.34 -0.57 -0.25 -0.51 -0.71 -0.39 -0.18 -0.27 -0.16 -0.18 -0.40 -0.12 -0.67 -0.76 -0.58 -0.19 -0.24 -0.18 -0.44 -0.48 -0.40 -0.22 -0.60 -0.03 -1.08 -0.76  0.10
 1993  5 -0.21 -0.41 -0.13 -0.28 -0.36 -0.23 -0.14 -0.52 -0.06 -0.07 -0.11 -0.05 -0.38 -0.41 -0.36 -0.19 -0.89 -0.06  0.25 -0.06  0.61 -0.71 -1.63 -0.27 -0.10  0.12 -0.52
 1993  6 -0.09 -0.34  0.01 -0.20 -0.42 -0.06  0.03 -0.19  0.07  0.07 -0.09  0.12 -0.34 -0.50 -0.20  0.00 -0.26  0.05 -0.30 -0.52 -0.04 -0.24 -1.17  0.19 -0.72 -0.68 -0.00
 1993  7 -0.07 -0.26  0.01 -0.16 -0.27 -0.09  0.02 -0.23  0.07  0.03 -0.09  0.06 -0.24 -0.32 -0.17  0.00 -0.32  0.06 -0.00  0.03 -0.04 -0.35 -0.83 -0.12 -0.65 -0.40  0.49
 1993  8 -0.20 -0.42 -0.11 -0.28 -0.45 -0.18 -0.11 -0.36 -0.06 -0.17 -0.32 -0.13 -0.36 -0.53 -0.20 -0.07 -0.24 -0.04 -0.44 -0.48 -0.39  0.23 -0.30  0.49 -0.56 -0.48  0.00
 1993  9 -0.34 -0.57 -0.25 -0.46 -0.57 -0.39 -0.22 -0.57 -0.15 -0.25 -0.36 -0.22 -0.57 -0.66 -0.48 -0.21 -0.62 -0.14 -0.90 -0.90 -0.90 -0.35 -0.72 -0.17 -0.87 -0.77 -0.91
 1993 10 -0.11 -0.29 -0.04 -0.21 -0.37 -0.11 -0.01 -0.11  0.01  0.03 -0.11  0.08 -0.34 -0.45 -0.24 -0.04 -0.09 -0.03 -0.44 -0.29 -0.61 -0.05 -0.27  0.06 -0.63 -0.23 -0.35
 1993 11 -0.12 -0.45  0.01 -0.22 -0.60  0.02 -0.02 -0.11  0.00  0.15  0.05  0.18 -0.42 -0.80 -0.08 -0.10 -0.16 -0.09 -0.47 -0.83 -0.06 -0.02 -0.45  0.19 -0.97 -0.76 -0.01
 1993 12  0.06  0.00  0.08  0.09  0.10  0.09  0.03 -0.21  0.08  0.27  0.14  0.30  0.01  0.09 -0.07 -0.10 -0.49 -0.03 -1.05 -0.80 -1.33 -0.69 -1.09 -0.50 -0.04  0.06 -0.29
 1994  1 -0.10 -0.22 -0.05 -0.09 -0.20 -0.02 -0.11 -0.26 -0.08  0.01 -0.01  0.02 -0.14 -0.27 -0.02 -0.18 -0.38 -0.15 -0.69 -0.91 -0.42 -0.60 -0.64 -0.58 -0.89 -0.55 -0.05
 1994  2 -0.18 -0.72  0.03 -0.22 -0.76  0.13 -0.15 -0.64 -0.05 -0.09 -0.24 -0.04 -0.29 -0.91  0.27 -0.18 -0.88 -0.05 -0.39 -0.90  0.20 -0.77 -1.23 -0.54 -0.85 -0.70 -0.44
 1994  3 -0.18 -0.27 -0.15 -0.15 -0.12 -0.18 -0.22 -0.63 -0.13 -0.16 -0.30 -0.12 -0.13 -0.07 -0.18 -0.26 -0.85 -0.16 -0.72 -0.37 -1.12 -0.36 -1.07 -0.03  0.51  0.27 -1.05
 1994  4 -0.16 -0.13 -0.17 -0.13 -0.15 -0.12 -0.18 -0.08 -0.20 -0.12 -0.26 -0.08 -0.14 -0.12 -0.16 -0.21  0.05 -0.26  0.16  0.19  0.12  0.02  0.27 -0.10  0.45  0.40 -0.47
 1994  5 -0.10 -0.12 -0.10  0.03  0.01  0.05 -0.24 -0.41 -0.20 -0.05 -0.22 -0.00  0.08  0.07  0.09 -0.34 -0.56 -0.30 -0.22  0.17 -0.66 -0.68 -1.49 -0.30  0.14  0.04 -0.11
 1994  6  0.06  0.18  0.02  0.07  0.14  0.03  0.05  0.28  0.01 -0.06 -0.25  0.00  0.12  0.23  0.02  0.13  0.72  0.03 -0.47 -0.35 -0.60  0.59  1.79  0.02  0.80  0.57 -0.10
 1994  7  0.03  0.02  0.03  0.03  0.01  0.05  0.02  0.06  0.01 -0.03 -0.24  0.03  0.05  0.06  0.04  0.06  0.32  0.01  0.07  0.34 -0.23  0.24  0.76 -0.00 -0.49 -0.41  0.38
 1994  8 -0.07 -0.13 -0.05 -0.08 -0.04 -0.11 -0.06 -0.34 -0.01 -0.11 -0.22 -0.08 -0.07  0.03 -0.16 -0.04 -0.50  0.04 -0.06  0.32 -0.51 -1.05 -1.30 -0.94 -0.24  0.07 -0.39
 1994  9  0.01 -0.01  0.02 -0.01 -0.07  0.02  0.03  0.11  0.01  0.07 -0.12  0.13 -0.05 -0.04 -0.05 -0.01  0.24 -0.05 -0.26  0.14 -0.71  0.40  0.51  0.34 -0.36 -0.38 -0.64
 1994 10 -0.23 -0.16 -0.25 -0.07 -0.10 -0.05 -0.38 -0.30 -0.40 -0.20 -0.32 -0.17  0.01 -0.03  0.04 -0.49 -0.32 -0.52 -0.10  0.27 -0.52 -0.07  0.16 -0.18 -0.16 -0.29 -0.81
 1994 11  0.06  0.14  0.02  0.18  0.15  0.19 -0.06  0.12 -0.10  0.01 -0.05  0.03  0.27  0.23  0.30 -0.11  0.15 -0.15 -0.72 -0.81 -0.63  0.55  0.39  0.63  0.16 -0.14 -0.35
 1994 12  0.09  0.07  0.10  0.17  0.10  0.22  0.01 -0.00  0.01  0.25  0.03  0.32  0.12  0.14  0.09 -0.11 -0.09 -0.11 -0.40 -0.22 -0.60 -0.23 -0.75  0.02  1.59  1.22  0.01
 1995  1  0.06  0.13  0.03  0.23  0.35  0.16 -0.11 -0.36 -0.06  0.16  0.00  0.20  0.26  0.46  0.09 -0.25 -0.68 -0.17  0.65  1.12  0.12 -0.69 -1.31 -0.39 -0.15  0.05 -0.52
 1995  2 -0.00  0.19 -0.08  0.12  0.38 -0.05 -0.13 -0.26 -0.10 -0.00 -0.30  0.08  0.19  0.57 -0.16 -0.20 -0.27 -0.19  0.63  1.20 -0.02 -0.15 -0.12 -0.16  0.41  0.44 -0.55
 1995  3 -0.06 -0.09 -0.05 -0.07 -0.09 -0.05 -0.05 -0.07 -0.04  0.07 -0.09  0.12 -0.15 -0.07 -0.22 -0.10 -0.12 -0.10 -0.57 -0.28 -0.91  0.07  0.06  0.08  0.61  0.29  0.03
 1995  4  0.14  0.00  0.19  0.16 -0.05  0.30  0.12  0.11  0.12  0.27  0.19  0.29  0.09 -0.11  0.27  0.05  0.03  0.06  1.41  1.33  1.51  0.33  0.27  0.36 -1.04 -0.58 -0.30
 1995  5  0.04 -0.13  0.11  0.06 -0.13  0.19  0.02 -0.13  0.06  0.12  0.03  0.14  0.04 -0.17  0.22 -0.03 -0.26  0.01  0.40  0.38  0.41 -0.57 -1.01 -0.36 -0.99 -0.56 -0.03
 1995  6  0.12  0.15  0.11  0.21  0.21  0.21  0.03  0.01  0.04  0.36  0.37  0.36  0.12  0.15  0.10 -0.13 -0.20 -0.12  0.17  0.17  0.16 -0.03 -0.52  0.21 -0.70 -0.60 -0.32
 1995  7  0.05  0.26 -0.03  0.05  0.01  0.08  0.05  0.82 -0.11  0.15  0.28  0.11  0.02 -0.02  0.07 -0.02  1.11 -0.22 -0.17 -0.35  0.04  1.13  2.65  0.40 -0.29 -0.18 -0.16
 1995  8  0.26  0.44  0.19  0.29  0.34  0.25  0.24  0.67  0.14  0.30  0.35  0.29  0.32  0.38  0.27  0.16  0.77  0.05  0.53  0.52  0.55  0.41  0.86  0.20  1.35  1.04  0.84
 1995  9  0.21  0.11  0.25  0.25  0.10  0.35  0.17  0.15  0.17  0.27  0.25  0.27  0.26  0.08  0.41  0.10  0.01  0.12  0.57  0.55  0.60 -0.49 -0.96 -0.26 -0.21  0.21  0.52
 1995 10  0.08  0.09  0.08  0.04  0.10 -0.00  0.12  0.07  0.14  0.11  0.13  0.11  0.01  0.11 -0.07  0.11 -0.04  0.14 -0.84 -0.59 -1.11  0.26 -0.02  0.40  0.22  0.15  0.39
 1995 11  0.08  0.25  0.02  0.28  0.35  0.24 -0.11  0.04 -0.14 -0.00  0.05 -0.02  0.40  0.43  0.37 -0.14  0.03 -0.17  1.09  1.08  1.11 -0.35 -0.07 -0.49 -0.33 -0.20  0.01
 1995 12 -0.17 -0.38 -0.09 -0.35 -0.50 -0.26  0.01 -0.11  0.03 -0.20 -0.33 -0.17 -0.43 -0.50 -0.36  0.12 -0.07  0.15 -0.46 -0.46 -0.46 -0.12 -0.39  0.02  0.09  0.04  0.24
 1996  1 -0.14 -0.41 -0.04 -0.14 -0.41  0.04 -0.14 -0.40 -0.09 -0.26 -0.15 -0.30 -0.09 -0.50  0.28 -0.06 -0.52  0.02  0.71  0.13  1.37 -0.34 -0.53 -0.25 -0.60 -0.66 -0.36
 1996  2  0.02  0.01  0.03  0.02  0.05 -0.00  0.02 -0.08  0.05 -0.06  0.01 -0.08  0.06  0.05  0.07  0.06 -0.10  0.09  0.16  0.29 -0.00  0.19  0.46  0.06  0.48  0.32 -0.38
 1996  3  0.05 -0.23  0.17 -0.01 -0.34  0.20  0.12  0.01  0.14  0.08  0.07  0.09 -0.05 -0.45  0.32  0.12 -0.03  0.15  1.05  0.74  1.41  0.21  0.08  0.28 -1.15 -0.55  0.11
 1996  4 -0.08 -0.28 -0.01 -0.31 -0.56 -0.15  0.14  0.36  0.10 -0.06 -0.11 -0.05 -0.44 -0.67 -0.23  0.24  0.67  0.17  0.14 -0.17  0.49  0.77  1.39  0.47 -0.47 -0.43  0.42
 1996  5 -0.11 -0.19 -0.08 -0.11 -0.07 -0.14 -0.11 -0.47 -0.03 -0.04 -0.10 -0.03 -0.17 -0.07 -0.25 -0.13 -0.73 -0.02 -0.49 -0.40 -0.59 -1.07 -1.88 -0.68  0.27  0.34  0.15
 1996  6 -0.08 -0.12 -0.07 -0.07 -0.10 -0.05 -0.10 -0.18 -0.08  0.06 -0.00  0.08 -0.13 -0.11 -0.15 -0.19 -0.35 -0.16 -0.55 -0.38 -0.75 -0.05 -0.55  0.18  0.44  0.29  0.15
 1996  7  0.01 -0.01  0.02 -0.01 -0.03  0.01  0.03  0.04  0.03  0.09 -0.01  0.11 -0.06 -0.05 -0.07  0.00  0.12 -0.02 -0.48 -0.21 -0.79  0.27  0.66  0.09 -0.11 -0.18  0.17
 1996  8  0.06  0.03  0.08 -0.19 -0.37 -0.07  0.31  0.91  0.19 -0.04 -0.02 -0.05 -0.25 -0.44 -0.08  0.49  1.58  0.29 -0.83 -1.12 -0.50  2.32  3.56  1.73 -0.21 -0.36 -0.09
 1996  9  0.13 -0.08  0.22 -0.13 -0.38  0.03  0.40  0.60  0.35  0.19  0.09  0.22 -0.30 -0.51 -0.12  0.51  0.99  0.42 -0.14 -0.48  0.26  1.36  2.21  0.96 -1.00 -1.06  0.57
 1996 10  0.04 -0.09  0.10 -0.06 -0.20  0.03  0.15  0.15  0.15  0.04 -0.04  0.07 -0.13 -0.24 -0.04  0.22  0.30  0.21 -0.28 -0.35 -0.20  0.22  0.24  0.22 -0.03 -0.30  0.50
 1996 11  0.03  0.06  0.02  0.12  0.05  0.16 -0.06  0.08 -0.09 -0.12 -0.23 -0.09  0.25  0.14  0.35 -0.03  0.28 -0.09  1.22  1.25  1.18  0.73  1.00  0.60 -0.60 -0.11 -0.16
 1996 12 -0.07 -0.04 -0.09 -0.04 -0.07 -0.02 -0.11  0.02 -0.13 -0.18 -0.20 -0.18  0.06 -0.01  0.12 -0.09  0.10 -0.12  0.12 -0.14  0.41  0.11  0.36 -0.01 -0.01  0.01 -0.06
 1997  1 -0.14 -0.21 -0.12 -0.34 -0.23 -0.40  0.05 -0.15  0.09 -0.28 -0.32 -0.27 -0.34 -0.19 -0.47  0.21 -0.06  0.25 -0.49 -0.30 -0.72 -0.10 -0.08 -0.11 -0.37 -0.39 -0.42
 1997  2 -0.07 -0.18 -0.03 -0.12 -0.23 -0.04 -0.03 -0.07 -0.02 -0.31 -0.42 -0.28 -0.03 -0.17  0.09  0.14  0.16  0.14 -0.67 -0.41 -0.97 -0.18 -0.34 -0.11  0.12  0.33  1.27
 1997  3 -0.13 -0.19 -0.10 -0.15 -0.23 -0.10 -0.10 -0.11 -0.10 -0.27 -0.28 -0.27 -0.07 -0.17  0.02 -0.03 -0.12 -0.02  0.12 -0.05  0.31  0.43  0.23  0.52  0.96  0.54 -0.14
 1997  4 -0.26 -0.34 -0.23 -0.25 -0.29 -0.23 -0.28 -0.46 -0.24 -0.35 -0.58 -0.29 -0.19 -0.18 -0.21 -0.24 -0.46 -0.20  0.48  1.08 -0.21 -0.29 -0.55 -0.17 -1.72 -1.34 -0.63
 1997  5 -0.11 -0.41  0.01 -0.20 -0.38 -0.08 -0.01 -0.49  0.09 -0.12 -0.43 -0.03 -0.24 -0.37 -0.13  0.05 -0.51  0.15 -0.25 -0.36 -0.13 -0.41 -0.98 -0.14 -0.64 -0.45 -0.18
 1997  6 -0.04 -0.08 -0.03 -0.09 -0.10 -0.09  0.01 -0.01  0.02  0.01  0.00  0.02 -0.17 -0.13 -0.19  0.02 -0.02  0.03  0.02 -0.04  0.07  0.67  0.93  0.54 -0.22 -0.12 -1.11
 1997  7  0.07 -0.11  0.14  0.09 -0.08  0.20  0.05 -0.17  0.10  0.46  0.35  0.50 -0.09 -0.20  0.00 -0.17 -0.55 -0.10 -0.25 -0.41 -0.07 -0.82 -1.88 -0.32 -0.26 -0.19 -0.46
 1997  8  0.07 -0.06  0.12  0.14  0.07  0.19  0.00 -0.35  0.08  0.31  0.16  0.36  0.05  0.02  0.08 -0.16 -0.63 -0.07  0.02  0.19 -0.17 -0.77 -1.36 -0.49 -0.27 -0.06 -0.46
 1997  9  0.05 -0.02  0.07  0.16 -0.02  0.28 -0.07 -0.02 -0.08  0.45  0.47  0.44  0.03 -0.14  0.19 -0.37 -0.43 -0.35  0.56  0.39  0.76 -0.95 -1.21 -0.83  0.89  0.93 -0.43
 1997 10  0.10  0.02  0.13  0.10  0.01  0.15  0.10  0.03  0.11  0.33  0.25  0.35  0.00 -0.03  0.03 -0.05 -0.20 -0.02  0.30  0.48  0.09  0.06  0.06  0.05 -0.35 -0.52 -0.43
 1997 11  0.09 -0.01  0.13 -0.02 -0.24  0.12  0.21  0.52  0.14  0.34  0.27  0.36 -0.16 -0.36  0.01  0.09  0.67 -0.01 -0.11 -0.39  0.21  1.06  1.81  0.70 -1.12 -0.81 -0.33
 1997 12  0.26  0.16  0.30  0.22 -0.01  0.37  0.30  0.54  0.25  0.71  0.45  0.79 -0.04 -0.15  0.05  0.08  0.67 -0.02 -0.52 -0.65 -0.38  0.35  0.89  0.09 -0.30 -0.56  0.54
 1998  1  0.49  0.17  0.62  0.40  0.04  0.64  0.58  0.47  0.60  1.13  0.91  1.20 -0.00 -0.19  0.17  0.31  0.14  0.34  0.27  0.27  0.28 -0.10 -0.48  0.07  0.33  0.35  0.61
 1998  2  0.67  0.83  0.60  0.69  0.80  0.61  0.64  0.90  0.59  1.27  1.15  1.31  0.35  0.73  0.01  0.34  0.65  0.28 -1.12 -0.76 -1.54  0.79  0.79  0.79  0.32  0.38  0.53
 1998  3  0.48  0.18  0.60  0.51  0.12  0.76  0.45  0.31  0.49  1.13  0.97  1.17  0.17 -0.08  0.39  0.12 -0.27  0.18  0.04 -0.03  0.11 -0.66 -1.09 -0.46 -0.60 -0.10  0.45
 1998  4  0.74  0.60  0.80  0.85  0.72  0.94  0.63  0.34  0.69  1.18  1.25  1.16  0.69  0.58  0.78  0.34 -0.35  0.46  0.30  0.08  0.56 -0.58 -1.64 -0.07 -0.81 -0.55  0.54
 1998  5  0.64  0.67  0.62  0.57  0.56  0.57  0.71  0.91  0.66  0.97  0.97  0.98  0.40  0.46  0.35  0.51  0.85  0.45  0.10  0.14  0.05  0.84  0.55  0.97  0.65  0.57  1.50
 1998  6  0.56  0.61  0.54  0.57  0.57  0.57  0.55  0.70  0.52  0.63  0.60  0.64  0.57  0.57  0.57  0.48  0.71  0.44  0.71  1.06  0.30  0.68  0.69  0.67 -0.38 -0.29  0.33
 1998  7  0.50  0.57  0.47  0.62  0.70  0.56  0.38  0.27  0.40  0.47  0.58  0.43  0.72  0.77  0.67  0.30 -0.07  0.37  0.91  0.94  0.88 -0.66 -0.94 -0.53  0.76  0.67  0.03
 1998  8  0.51  0.61  0.48  0.48  0.59  0.41  0.54  0.65  0.52  0.46  0.58  0.42  0.51  0.62  0.41  0.57  0.60  0.57  0.54  0.61  0.45  0.38  0.52  0.32  0.63  0.36  1.07
 1998  9  0.44  0.40  0.45  0.51  0.53  0.49  0.37  0.11  0.42  0.36  0.37  0.35  0.59  0.58  0.59  0.37 -0.11  0.45  0.03 -0.32  0.42  0.07 -0.48  0.32  1.76  1.48  0.68
 1998 10  0.40  0.51  0.36  0.48  0.64  0.38  0.32  0.21  0.34  0.37  0.41  0.36  0.54  0.71  0.38  0.29  0.04  0.34 -0.25 -0.42 -0.06 -0.51 -0.68 -0.43  0.72  0.75  0.83
 1998 11  0.12  0.09  0.13  0.13  0.11  0.14  0.12  0.04  0.13  0.11  0.21  0.08  0.13  0.07  0.19  0.12 -0.04  0.15  0.37 -0.12  0.94 -0.46 -0.41 -0.48  0.81  0.96  0.61
 1998 12  0.24  0.34  0.20  0.23  0.48  0.07  0.25  0.02  0.30  0.02  0.19 -0.03  0.36  0.55  0.19  0.35 -0.09  0.43  0.07 -0.10  0.27 -0.40 -0.64 -0.29  0.95  0.69  0.51
 1999  1  0.05  0.22 -0.02  0.10  0.32 -0.04  0.00  0.02 -0.00 -0.17  0.03 -0.23  0.26  0.38  0.16  0.07  0.03  0.08 -0.72 -0.74 -0.71 -0.82 -0.43 -1.00  0.62  0.17  1.05
 1999  2  0.16  0.53  0.01  0.18  0.73 -0.17  0.14  0.09  0.15 -0.26  0.05 -0.35  0.43  0.90  0.02  0.33  0.15  0.36  0.01  0.09 -0.09  0.00 -0.15  0.08  1.33  0.45  0.04
 1999  3 -0.09 -0.09 -0.09 -0.11 -0.15 -0.08 -0.07  0.03 -0.09 -0.18  0.06 -0.25 -0.04 -0.25  0.14 -0.04  0.14 -0.07  0.11 -0.44  0.73 -0.14 -0.40 -0.01  0.26  0.01  0.32
 1999  4  0.01  0.02  0.00  0.23  0.37  0.13 -0.22 -0.79 -0.10 -0.25 -0.16 -0.27  0.49  0.50  0.49 -0.22 -1.21 -0.04  0.19  0.09  0.31 -0.87 -2.11 -0.28  0.21  0.11 -0.92
 1999  5 -0.03  0.06 -0.07  0.05  0.22 -0.06 -0.12 -0.32 -0.08 -0.38 -0.28 -0.41  0.29  0.36  0.22  0.00 -0.35  0.07  0.27  0.16  0.39 -0.75 -1.37 -0.46 -0.15 -0.19  0.52
 1999  6 -0.15  0.05 -0.23  0.03  0.07  0.01 -0.33 -0.01 -0.40 -0.32 -0.09 -0.38  0.22  0.11  0.32 -0.35  0.07 -0.42  0.32  0.10  0.58  0.19  0.74 -0.07 -0.18  0.04 -0.36
 1999  7 -0.01  0.13 -0.07  0.04  0.18 -0.04 -0.07  0.01 -0.09 -0.24 -0.14 -0.26  0.21  0.28  0.14 -0.00  0.06 -0.02  0.05 -0.08  0.20 -0.22 -0.71  0.00  0.48  0.49  0.92
 1999  8 -0.07  0.03 -0.11 -0.04 -0.00 -0.06 -0.10  0.12 -0.14 -0.24 -0.20 -0.25  0.08  0.07  0.09 -0.04  0.31 -0.11 -0.19 -0.53  0.19 -0.12  0.08 -0.22  0.32  0.37  0.39
 1999  9  0.05  0.23 -0.01  0.12  0.26  0.03 -0.01  0.15 -0.04 -0.24 -0.11 -0.28  0.31  0.36  0.27  0.10  0.35  0.06  0.53  0.31  0.78  0.35  0.50  0.28 -0.28 -0.22  0.34
 1999 10 -0.01  0.05 -0.04 -0.05  0.08 -0.13  0.03  0.00  0.03 -0.25 -0.23 -0.26  0.06  0.17 -0.03  0.17  0.15  0.17 -0.16 -0.12 -0.20  0.19  0.13  0.22  0.79  0.42  0.04
 1999 11 -0.07 -0.02 -0.09  0.08  0.22 -0.01 -0.21 -0.55 -0.14 -0.27 -0.20 -0.30  0.24  0.30  0.20 -0.16 -0.72 -0.06  0.10 -0.04  0.25 -0.29 -0.45 -0.22  2.01  1.52 -1.43
 1999 12 -0.05  0.10 -0.10  0.12  0.48 -0.11 -0.21 -0.75 -0.10 -0.29 -0.11 -0.34  0.35  0.64  0.09 -0.19 -1.26  0.00 -0.41  0.02 -0.90 -1.10 -2.34 -0.52  0.88  0.31 -0.59
 2000  1 -0.28 -0.38 -0.24 -0.27 -0.25 -0.29 -0.28 -0.67 -0.20 -0.30 -0.00 -0.38 -0.24 -0.35 -0.14 -0.30 -1.08 -0.16 -0.72 -0.75 -0.68 -1.43 -2.06 -1.13  0.27  0.01 -0.47
 2000  2 -0.07  0.01 -0.10 -0.08  0.14 -0.23 -0.06 -0.27 -0.01 -0.43 -0.39 -0.44  0.13  0.29 -0.03  0.11 -0.23  0.17  0.44  0.74  0.10 -0.26 -0.80  0.00  1.61  1.66  0.58
 2000  3 -0.02  0.01 -0.03 -0.05  0.15 -0.17  0.01 -0.31  0.08 -0.37 -0.21 -0.42  0.14  0.23  0.05  0.21 -0.31  0.30  0.45  0.41  0.49 -0.42 -1.02 -0.14  1.25  1.26  0.61
 2000  4  0.05  0.41 -0.09  0.19  0.65 -0.11 -0.08 -0.13 -0.07 -0.26 -0.16 -0.28  0.43  0.85  0.05  0.01 -0.04  0.02  0.54  0.94  0.09 -0.60 -0.42 -0.69  0.74  0.68  0.18
 2000  5  0.09  0.14  0.07  0.13  0.31  0.02  0.05 -0.24  0.11 -0.15 -0.02 -0.19  0.28  0.41  0.17  0.16 -0.41  0.26 -0.16 -0.19 -0.14 -0.16 -0.58  0.05  1.44  0.91 -0.09
 2000  6  0.08  0.19  0.03  0.08  0.24 -0.02  0.07  0.09  0.07 -0.22 -0.11 -0.25  0.25  0.33  0.19  0.21  0.25  0.20 -0.10  0.18 -0.43  0.43  0.98  0.17  0.33  0.29 -0.77
 2000  7 -0.04  0.04 -0.07 -0.01  0.13 -0.11 -0.06 -0.16 -0.05 -0.18 -0.14 -0.20  0.04  0.16 -0.06  0.03 -0.05  0.04  0.15  0.23  0.05  0.41  0.34  0.45 -0.10 -0.15  0.09
 2000  8 -0.10  0.02 -0.16 -0.01  0.08 -0.07 -0.20 -0.10 -0.22 -0.09 -0.09 -0.09  0.03  0.11 -0.05 -0.25 -0.07 -0.28  0.09 -0.09  0.30  0.07  0.60 -0.18  0.42  0.21 -0.48
 2000  9  0.03  0.11 -0.00  0.03  0.02  0.04  0.03  0.32 -0.04 -0.09 -0.01 -0.12  0.10  0.02  0.17  0.08  0.59 -0.01 -0.24 -0.24 -0.24  0.64  1.36  0.30  0.51  0.31  0.69
 2000 10  0.04 -0.11  0.10 -0.03 -0.15  0.05  0.11 -0.03  0.14  0.09  0.02  0.11 -0.08 -0.19  0.01  0.11 -0.08  0.14  0.31  0.03  0.62 -0.22 -0.65 -0.02 -0.11 -0.16  0.01
 2000 11  0.01 -0.09  0.04 -0.01 -0.21  0.11  0.03  0.20 -0.01  0.14  0.12  0.15 -0.10 -0.30  0.07 -0.03  0.28 -0.08  0.47  0.39  0.57  0.58  1.33  0.22 -1.70 -1.21  0.14
 2000 12 -0.03 -0.07 -0.02 -0.05 -0.15  0.01 -0.01  0.10 -0.04  0.05  0.05  0.05 -0.14 -0.21 -0.07 -0.02  0.15 -0.05  0.15 -0.08  0.42 -0.33  0.06 -0.52 -1.24 -0.75  0.32
 2001  1 -0.06  0.06 -0.10 -0.04  0.13 -0.15 -0.08 -0.10 -0.07 -0.23 -0.21 -0.24  0.04  0.17 -0.08  0.04  0.16  0.01  0.08 -0.09  0.29 -0.05  0.03 -0.08 -0.03  0.19  0.51
 2001  2  0.09 -0.02  0.14 -0.11 -0.20 -0.06  0.30  0.39  0.29 -0.06 -0.06 -0.06 -0.12 -0.24 -0.01  0.48  0.73  0.43 -0.11 -0.54  0.38  0.12  0.47 -0.05 -0.18  0.10  1.05
 2001  3  0.05  0.21 -0.02  0.09  0.33 -0.07  0.00 -0.08  0.02 -0.17 -0.28 -0.13  0.25  0.50  0.03  0.07  0.06  0.07  0.02  0.26 -0.26 -0.06  0.08 -0.12 -0.73 -0.72 -0.18
 2001  4  0.20  0.19  0.20  0.18  0.26  0.14  0.21  0.03  0.24  0.07  0.05  0.08  0.25  0.31  0.20  0.28  0.06  0.32 -0.08  0.11 -0.29 -0.05 -0.11 -0.02  0.53  0.47 -0.02
 2001  5  0.20  0.42  0.11  0.31  0.56  0.15  0.09  0.12  0.08  0.05  0.08  0.04  0.44  0.67  0.23  0.12  0.19  0.11  0.24  0.45 -0.01  0.56  0.90  0.40  0.53 -0.02 -0.63
 2001  6  0.04  0.14  0.00  0.07  0.22 -0.02  0.01 -0.03  0.02 -0.12 -0.26 -0.08  0.18  0.33  0.05  0.07  0.18  0.05  0.31  0.54  0.04 -0.21  0.01 -0.32  0.07  0.19  0.37
 2001  7  0.09  0.22  0.04  0.16  0.26  0.09  0.02  0.11 -0.00  0.05  0.04  0.05  0.20  0.31  0.10  0.01  0.20 -0.02  0.26  0.59 -0.11  0.32  0.66  0.16  0.31  0.21 -0.31
 2001  8  0.27  0.34  0.24  0.37  0.49  0.29  0.17  0.01  0.20  0.23  0.25  0.22  0.42  0.55  0.30  0.16 -0.17  0.22  0.75  0.97  0.49 -0.65 -1.62 -0.20  0.60  0.71  0.66
 2001  9  0.01 -0.01  0.02  0.02  0.00  0.03  0.00 -0.03  0.01 -0.06  0.06 -0.09  0.06 -0.00  0.11  0.04 -0.14  0.07  0.38  0.10  0.71 -0.43 -0.31 -0.49  0.16  0.22 -0.17
 2001 10  0.19  0.03  0.25  0.09  0.09  0.08  0.29 -0.10  0.38  0.21  0.18  0.21  0.02  0.06 -0.02  0.34 -0.29  0.46 -0.36 -0.32 -0.40 -0.12 -0.49  0.05 -0.04 -0.28 -0.61
 2001 11  0.17  0.33  0.11  0.20  0.48  0.03  0.13 -0.02  0.17  0.15  0.23  0.13  0.23  0.55 -0.06  0.12 -0.22  0.19  0.02  0.17 -0.16 -0.43 -0.47 -0.41  1.44  1.28  0.04
 2001 12  0.14  0.04  0.17  0.12  0.08  0.15  0.15 -0.04  0.19  0.17  0.31  0.12  0.10  0.03  0.16  0.14 -0.36  0.23  0.77  0.58  0.99 -0.60 -0.62 -0.59  0.36  0.02 -0.20
 2002  1  0.21  0.39  0.14  0.30  0.50  0.18  0.12  0.14  0.11  0.05  0.07  0.04  0.45  0.64  0.27  0.14  0.10  0.15  0.14  0.23  0.04  0.21  0.66  0.01  0.61  0.64 -0.22
 2002  2  0.27  0.49  0.19  0.31  0.72  0.05  0.24 -0.03  0.29  0.13  0.30  0.08  0.40  0.84  0.01  0.29 -0.29  0.40 -1.42 -0.87 -2.06  0.22 -0.44  0.53  0.55  0.25 -0.12
 2002  3  0.22  0.42  0.14  0.30  0.44  0.21  0.15  0.39  0.10  0.13  0.19  0.12  0.39  0.49  0.30  0.15  0.59  0.07  0.90  0.57  1.28  0.95  1.26  0.80 -0.67 -0.34 -0.07
 2002  4  0.23  0.22  0.23  0.18  0.06  0.26  0.27  0.60  0.20  0.05  0.21  0.01  0.26  0.01  0.49  0.37  0.92  0.27 -0.25 -0.46 -0.01  0.69  1.36  0.37  1.17  0.98  0.81
 2002  5  0.26  0.39  0.21  0.19  0.12  0.23  0.33  1.01  0.19  0.27  0.34  0.25  0.15  0.05  0.24  0.36  1.55  0.15  0.61  0.48  0.76  1.48  2.96  0.78 -0.33 -0.05  0.71
 2002  6  0.32  0.41  0.29  0.18  0.29  0.12  0.46  0.69  0.41  0.22  0.24  0.21  0.20  0.32  0.09  0.56  0.96  0.49  0.36  0.49  0.21  0.71  1.07  0.53  0.84  0.70  1.75
 2002  7  0.25  0.44  0.18  0.32  0.44  0.24  0.19  0.44  0.13  0.42  0.49  0.40  0.24  0.40  0.10  0.09  0.49  0.01  0.03  0.19 -0.15  0.01  0.76 -0.34  0.80  0.60  1.03
 2002  8  0.19  0.13  0.22  0.02  0.05  0.00  0.36  0.30  0.38  0.24  0.36  0.21 -0.09 -0.03 -0.13  0.42  0.29  0.44  0.01 -0.16  0.21  0.28 -0.08  0.45  0.00 -0.18  0.56
 2002  9  0.21  0.27  0.19  0.11  0.17  0.08  0.31  0.50  0.27  0.20  0.29  0.17  0.07  0.13  0.01  0.37  0.68  0.31  0.12  0.03  0.21  1.16  1.17  1.15  0.63  0.67  0.64
 2002 10  0.07  0.10  0.06 -0.15 -0.26 -0.08  0.29  0.91  0.16  0.17  0.26  0.15 -0.28 -0.36 -0.21  0.31  1.29  0.14  0.94  0.82  1.07  0.94  1.56  0.65 -1.19 -0.51  1.22
 2002 11  0.20  0.30  0.16  0.16  0.24  0.12  0.23  0.44  0.18  0.24  0.26  0.24  0.14  0.24  0.05  0.20  0.53  0.14  0.98  0.93  1.03  0.53  0.56  0.52 -0.60  0.05  0.86
 2002 12  0.12 -0.15  0.22 -0.06 -0.31  0.10  0.30  0.22  0.31  0.40  0.37  0.41 -0.28 -0.47 -0.11  0.23  0.06  0.26  0.63 -0.10  1.47  0.40 -0.01  0.59 -0.20 -0.01 -0.03
 2003  1  0.31  0.57  0.21  0.41  0.59  0.29  0.21  0.52  0.15  0.42  0.52  0.39  0.39  0.62  0.19  0.11  0.49  0.05  0.52  0.57  0.47  0.68  0.61  0.72  0.64  0.94  0.35
 2003  2  0.22  0.19  0.23  0.11 -0.02  0.19  0.34  0.68  0.27  0.50  0.57  0.49 -0.12 -0.22 -0.03  0.27  0.88  0.16  0.01 -0.07  0.12  0.49  1.41  0.06 -0.79 -0.34  0.32
 2003  3  0.12  0.09  0.14  0.05 -0.02  0.10  0.19  0.34  0.16  0.25  0.26  0.25 -0.07 -0.11 -0.04  0.18  0.44  0.14  0.31  0.22  0.40  0.19  0.57  0.00  0.12  0.06 -0.12
 2003  4  0.15  0.16  0.14  0.22  0.17  0.25  0.07  0.14  0.06  0.22  0.33  0.19  0.22  0.12  0.30 -0.00  0.04 -0.01  0.39  0.09  0.72  0.08 -0.18  0.21  0.29  0.47  0.06
 2003  5  0.22  0.29  0.19  0.33  0.34  0.32  0.10  0.18  0.09  0.20  0.40  0.14  0.39  0.31  0.46  0.06  0.06  0.06  0.38  0.32  0.46 -0.77 -1.01 -0.66  0.33  0.20  0.89
 2003  6  0.01  0.03  0.01  0.11  0.06  0.14 -0.08 -0.04 -0.09 -0.04  0.09 -0.08  0.20  0.07  0.32 -0.12 -0.20 -0.11  0.22  0.07  0.38 -0.77 -1.25 -0.54 -0.28 -0.18  0.18
 2003  7  0.10  0.18  0.07  0.09  0.20  0.02  0.11  0.15  0.11  0.16  0.26  0.13  0.08  0.21 -0.04  0.07 -0.02  0.08  0.40  0.66  0.10 -0.54 -0.98 -0.33  0.64  0.63  0.79
 2003  8  0.11  0.20  0.08  0.21  0.39  0.10  0.01 -0.21  0.06  0.13  0.14  0.13  0.25  0.44  0.08 -0.05 -0.44  0.02  0.83  0.99  0.65  0.14 -0.43  0.41  0.69  0.55 -0.12
 2003  9  0.16  0.35  0.08  0.27  0.35  0.21  0.05  0.36 -0.01  0.12  0.12  0.12  0.34  0.42  0.27  0.02  0.51 -0.06  0.58  0.81  0.32  0.38  0.35  0.40 -0.08 -0.15  1.08
 2003 10  0.29  0.45  0.22  0.46  0.62  0.36  0.11  0.08  0.12  0.33  0.47  0.28  0.52  0.66  0.40  0.01 -0.22  0.05  1.25  1.36  1.11 -0.56 -0.63 -0.53  1.26  1.44 -0.56
 2003 11  0.16 -0.07  0.25  0.00 -0.25  0.16  0.32  0.35  0.31  0.30  0.38  0.28 -0.14 -0.41  0.11  0.31  0.29  0.31 -0.35 -0.70  0.05  0.20  0.17  0.22 -0.22 -0.30  0.29
 2003 12  0.36  0.64  0.25  0.46  0.68  0.32  0.25  0.55  0.19  0.27  0.33  0.26  0.59  0.79  0.40  0.22  0.66  0.14  0.39  0.73 -0.00  0.37  0.91  0.12  0.59  0.45  1.00
 2004  1  0.18  0.15  0.19  0.06  0.03  0.08  0.30  0.42  0.28  0.32  0.40  0.29 -0.06 -0.06 -0.06  0.28  0.42  0.25  0.58  0.37  0.81  0.23  0.52  0.10 -0.32 -0.33  0.15
 2004  2  0.22  0.52  0.10  0.39  0.56  0.28  0.05  0.42 -0.03  0.25  0.17  0.27  0.41  0.64  0.21 -0.01  0.68 -0.13  0.41  0.63  0.15  0.36  0.98  0.07 -0.45 -0.30  1.08
 2004  3  0.33  0.53  0.26  0.49  0.61  0.41  0.18  0.35  0.14  0.27  0.43  0.23  0.59  0.65  0.53  0.15  0.33  0.11  0.05 -0.29  0.43  0.14  0.21  0.11  1.64  1.25  0.76
 2004  4  0.13  0.14  0.13  0.16  0.10  0.20  0.10  0.23  0.08  0.08  0.15  0.05  0.22  0.09  0.33  0.11  0.25  0.08  0.54 -0.18  1.38 -0.21 -0.07 -0.28  0.28  0.51  0.31
 2004  5  0.08  0.10  0.07  0.24  0.26  0.22 -0.08 -0.25 -0.04  0.07  0.19  0.03  0.32  0.25  0.37 -0.15 -0.50 -0.09  0.44  0.42  0.47 -0.61 -0.72 -0.56  0.58  0.98 -0.13
 2004  6  0.02 -0.04  0.04 -0.09 -0.14 -0.06  0.12  0.19  0.10 -0.14 -0.14 -0.14 -0.05 -0.15  0.03  0.25  0.46  0.21  0.05  0.00  0.11 -0.12 -0.35 -0.02 -0.59 -0.08  1.67
 2004  7 -0.21 -0.42 -0.13 -0.22 -0.31 -0.16 -0.20 -0.69 -0.10 -0.23 -0.11 -0.27 -0.22 -0.35 -0.10 -0.18 -1.14 -0.01 -0.03 -0.17  0.13 -1.60 -2.89 -0.99 -0.53 -0.25  0.09
 2004  8 -0.08 -0.15 -0.05 -0.02 -0.17  0.07 -0.14 -0.10 -0.14  0.08  0.17  0.05 -0.09 -0.25  0.05 -0.24 -0.31 -0.22  0.23 -0.01  0.50 -0.87 -1.18 -0.72 -1.27 -0.63  0.03
 2004  9  0.03  0.04  0.03 -0.01  0.09 -0.07  0.07 -0.09  0.10 -0.09  0.04 -0.12  0.05  0.12 -0.00  0.13 -0.21  0.19 -0.08 -0.13 -0.03 -0.28 -1.04  0.08  0.27 -0.07 -0.20
 2004 10  0.15  0.13  0.16  0.10  0.02  0.16  0.20  0.39  0.16  0.14  0.25  0.11  0.10 -0.04  0.23  0.21  0.47  0.17  0.02 -0.32  0.41  0.13  0.49 -0.04  0.06  0.22  0.97
 2004 11  0.06  0.23 -0.01  0.14  0.27  0.06 -0.03  0.13 -0.06  0.21  0.26  0.19  0.11  0.27 -0.03 -0.16  0.04 -0.20 -0.18  0.04 -0.43 -0.06 -0.07 -0.06  0.22  0.19  0.05
 2004 12  0.03 -0.03  0.05 -0.00 -0.19  0.11  0.06  0.31  0.01  0.24  0.35  0.21 -0.12 -0.36  0.08 -0.04  0.38 -0.11 -1.09 -1.33 -0.82  0.33  1.00  0.01  0.27  0.25 -0.14
 2005  1  0.27  0.30  0.26  0.30  0.18  0.38  0.24  0.57  0.17  0.29  0.36  0.27  0.32  0.17  0.45  0.20  0.62  0.13  1.05  0.89  1.22  0.60  0.77  0.51  1.05  1.23  0.59
 2005  2  0.15 -0.04  0.22  0.07 -0.26  0.28  0.23  0.45  0.18  0.55  0.83  0.47 -0.20 -0.57  0.12  0.07  0.23  0.05  0.75  0.25  1.32 -0.13 -0.02 -0.19  0.58  0.46  0.28
 2005  3  0.17  0.26  0.13  0.27  0.23  0.30  0.07  0.34  0.02  0.47  0.56  0.44  0.15  0.12  0.18 -0.12  0.25 -0.19  0.74  0.62  0.88 -0.05  0.36 -0.25 -0.89 -0.52  0.34
 2005  4  0.32  0.54  0.24  0.44  0.62  0.32  0.21  0.34  0.18  0.42  0.58  0.37  0.44  0.65  0.25  0.10  0.12  0.10  0.83  0.95  0.69 -0.18 -0.76  0.10  0.09  0.25  1.64
 2005  5  0.15  0.20  0.13  0.08  0.17  0.02  0.21  0.26  0.20  0.15  0.17  0.14  0.04  0.21 -0.11  0.25  0.19  0.25  0.86  1.17  0.51  0.06 -0.23  0.20 -0.48 -0.08  0.62
 2005  6  0.17  0.36  0.10  0.30  0.35  0.27  0.04  0.39 -0.03  0.30  0.45  0.25  0.30  0.34  0.26 -0.08  0.26 -0.15  0.42  0.41  0.42  0.23  0.33  0.18  0.21  0.31  0.06
 2005  7  0.25  0.37  0.20  0.34  0.33  0.34  0.16  0.46  0.09  0.31  0.36  0.29  0.37  0.35  0.39  0.05  0.43 -0.02  0.33  0.20  0.48 -0.05 -0.20  0.02  0.83  0.61  0.91
 2005  8  0.12  0.24  0.08  0.22  0.24  0.20  0.03  0.23 -0.02  0.20  0.37  0.15  0.24  0.23  0.25 -0.08  0.05 -0.10  0.37  0.40  0.34  0.06 -0.50  0.33  0.21  0.41  0.37
 2005  9  0.26  0.45  0.19  0.28  0.47  0.16  0.24  0.39  0.21  0.29  0.43  0.25  0.27  0.49  0.08  0.23  0.34  0.21 -0.18  0.10 -0.51  0.22  0.65  0.01  0.92  0.92  0.69
 2005 10  0.28  0.56  0.17  0.35  0.58  0.21  0.20  0.50  0.14  0.10  0.26  0.05  0.50  0.69  0.32  0.24  0.61  0.18  0.63  0.64  0.63  0.72  0.82  0.68  0.89  0.69  0.82
 2005 11  0.20  0.42  0.11  0.23  0.48  0.07  0.16  0.28  0.14  0.21  0.37  0.16  0.25  0.52  0.01  0.14  0.21  0.12  0.98  1.38  0.52  0.17 -0.03  0.27  0.71  0.33  0.64
 2005 12  0.07  0.36 -0.05  0.08  0.27 -0.04  0.06  0.57 -0.05  0.09  0.23  0.04  0.07  0.26 -0.10  0.05  0.90 -0.11  1.16  1.31  0.98  0.84  1.74  0.41 -0.41 -0.04  0.78
 2006  1  0.12  0.08  0.14  0.05 -0.04  0.11  0.20  0.35  0.16  0.01  0.38 -0.09  0.06 -0.20  0.29  0.30  0.47  0.28  0.11 -1.08  1.47  0.06 -0.10  0.14  1.53  0.89  1.20
 2006  2  0.15  0.31  0.08  0.26  0.42  0.16  0.04  0.07  0.03  0.22  0.52  0.13  0.29  0.36  0.23 -0.07 -0.15 -0.05  0.84  0.25  1.51 -0.09 -0.42  0.07 -0.29 -0.37 -0.05
 2006  3  0.14  0.23  0.10  0.13  0.25  0.05  0.15  0.18  0.15 -0.06  0.08 -0.10  0.26  0.29  0.23  0.23  0.27  0.22  0.65  0.36  0.98  0.05  0.09  0.03 -0.31 -0.22  0.67
 2006  4  0.07  0.15  0.04  0.06  0.14  0.01  0.08  0.16  0.07 -0.11 -0.05 -0.13  0.14  0.18  0.10  0.20  0.36  0.17 -0.49 -0.90 -0.02  0.13  0.22  0.08  1.69  1.20  0.57
 2006  5 -0.08 -0.05 -0.09  0.08  0.20  0.00 -0.24 -0.62 -0.16 -0.19 -0.19 -0.19  0.21  0.31  0.13 -0.26 -0.95 -0.13  0.36  0.33  0.39 -1.01 -1.58 -0.74  0.45  0.51 -0.70
 2006  6  0.08  0.30 -0.01  0.16  0.42  0.00 -0.01  0.03 -0.02  0.00  0.06 -0.02  0.27  0.52  0.05 -0.03 -0.02 -0.04  0.60  0.85  0.32 -0.20 -0.49 -0.06  0.50  0.41 -0.29
 2006  7  0.13  0.26  0.08  0.22  0.34  0.13  0.04  0.06  0.04  0.22  0.36  0.19  0.21  0.33  0.10 -0.05 -0.13 -0.04  0.16  0.16  0.17 -0.81 -1.54 -0.46  0.95  0.77  0.25
 2006  8  0.15  0.33  0.08  0.15  0.19  0.13  0.15  0.65  0.04  0.14  0.25  0.11  0.18  0.19  0.17  0.13  0.89 -0.00  0.32  0.25  0.40  0.37  1.35 -0.10  0.26  0.03  1.08
 2006  9  0.16  0.28  0.11  0.23  0.37  0.13  0.09  0.08  0.10  0.05  0.05  0.05  0.34  0.46  0.24  0.09  0.08  0.10  1.30  1.48  1.08 -0.25 -0.52 -0.12 -1.00 -0.55  0.57
 2006 10  0.23  0.27  0.22  0.18  0.19  0.17  0.28  0.44  0.25  0.28  0.34  0.26  0.15  0.16  0.13  0.27  0.51  0.23  0.08 -0.09  0.28  0.26  0.06  0.35 -0.53 -0.26  0.72
 2006 11  0.08  0.18  0.03  0.04  0.08  0.01  0.11  0.42  0.05  0.09  0.06  0.09  0.04  0.09 -0.01  0.10  0.66  0.00  0.34  0.09  0.64  0.23  0.48  0.11  0.40  0.10  0.99
 2006 12  0.16  0.33  0.09  0.31  0.55  0.15  0.00 -0.19  0.04  0.36  0.29  0.38  0.29  0.60  0.01 -0.19 -0.49 -0.14  0.54  0.56  0.52 -0.81 -1.21 -0.62  1.05  0.69 -0.64
 2007  1  0.41  0.71  0.29  0.48  0.79  0.29  0.33  0.52  0.29  0.55  0.52  0.56  0.47  0.88  0.11  0.18  0.46  0.14  0.14  0.66 -0.47  0.42  0.51  0.38  0.02 -0.13  0.34
 2007  2  0.17  0.22  0.15  0.27  0.27  0.28  0.07  0.12  0.06  0.32  0.47  0.28  0.24  0.19  0.28 -0.06 -0.06 -0.06  0.25 -0.53  1.15 -0.24 -0.58 -0.07 -0.72 -0.54  0.29
 2007  3  0.24  0.46  0.16  0.31  0.46  0.22  0.17  0.47  0.11  0.15  0.26  0.11  0.38  0.48  0.29  0.21  0.71  0.12  0.11 -0.11  0.36  0.28  0.60  0.13  2.08  1.19  1.12
 2007  4  0.15  0.48  0.01  0.25  0.50  0.09  0.04  0.45 -0.04  0.08  0.27  0.02  0.34  0.56  0.15  0.02  0.58 -0.07  1.37  1.41  1.32  0.24  0.77 -0.02  0.01  0.23  0.59
 2007  5  0.16  0.61 -0.02  0.22  0.55 -0.00  0.10  0.74 -0.04  0.15  0.40  0.07  0.24  0.60 -0.07  0.08  0.98 -0.08 -0.32 -0.14 -0.52  0.65  2.28 -0.13  0.64  0.54  0.73
 2007  6  0.15  0.40  0.06  0.27  0.40  0.19  0.03  0.38 -0.04  0.15  0.32  0.10  0.34  0.45  0.24 -0.04  0.36 -0.10  0.83  0.39  1.34  0.65  1.50  0.24  0.40  0.40 -1.33
 2007  7  0.20  0.44  0.11  0.29  0.42  0.20  0.12  0.49  0.05  0.22  0.35  0.19  0.32  0.46  0.19  0.07  0.54 -0.01  0.72  0.72  0.73  0.71  1.38  0.39  0.55  0.55  0.42
 2007  8  0.22  0.46  0.13  0.23  0.46  0.09  0.21  0.45  0.16  0.04  0.25 -0.02  0.37  0.57  0.20  0.26  0.43  0.23  0.57  0.60  0.54  0.04  0.37 -0.11  1.20  1.18  0.95
 2007  9  0.13  0.39  0.03  0.16  0.32  0.06  0.10  0.53  0.02  0.11  0.27  0.06  0.22  0.38  0.08  0.07  0.58 -0.02 -0.33 -0.37 -0.28 -0.74 -0.40 -0.90  0.63  0.63  0.91
 2007 10  0.12  0.34  0.04  0.18  0.37  0.06  0.06  0.27  0.02 -0.10  0.09 -0.16  0.36  0.46  0.26  0.13  0.35  0.09  0.58  0.45  0.74 -0.14  0.05 -0.23  1.45  1.03  0.86
 2007 11  0.03  0.19 -0.03 -0.00  0.16 -0.11  0.07  0.26  0.03 -0.10  0.20 -0.18  0.06  0.16 -0.04  0.15  0.29  0.12  0.10  0.10  0.11  0.50  0.94  0.30  0.44  0.58  0.08
 2007 12 -0.05  0.01 -0.08 -0.09  0.13 -0.22 -0.02 -0.25  0.03 -0.26  0.03 -0.34  0.00  0.13 -0.11  0.11 -0.40  0.20  0.41  0.26  0.58 -0.39 -1.12 -0.04  0.12 -0.03  0.18
 2008  1 -0.25 -0.43 -0.18 -0.41 -0.55 -0.32 -0.10 -0.15 -0.08 -0.32 -0.07 -0.39 -0.43 -0.67 -0.22 -0.00 -0.24  0.04 -0.36 -0.34 -0.38 -0.51 -1.15 -0.21 -1.23 -1.36  0.71
 2008  2 -0.17 -0.19 -0.16 -0.05 -0.04 -0.05 -0.29 -0.55 -0.24 -0.43 -0.19 -0.50  0.15 -0.02  0.30 -0.21 -0.76 -0.12 -0.22 -0.28 -0.14 -0.71 -1.59 -0.30  0.12 -0.06 -0.39
 2008  3 -0.15  0.47 -0.39  0.11  0.78 -0.33 -0.41 -0.23 -0.44 -0.57 -0.19 -0.68  0.43  0.97 -0.05 -0.29 -0.04 -0.33 -0.12  0.35 -0.65 -0.17  0.19 -0.34 -0.71 -0.79 -0.21
 2008  4 -0.12  0.19 -0.25  0.08  0.26 -0.04 -0.32  0.04 -0.40 -0.52 -0.19 -0.61  0.38  0.38  0.37 -0.21  0.22 -0.28 -0.01 -0.29  0.31  0.85  1.64  0.48 -0.18 -0.09 -0.76
 2008  5 -0.25  0.09 -0.38 -0.07  0.19 -0.24 -0.42 -0.15 -0.48 -0.52 -0.20 -0.61  0.14  0.27  0.03 -0.35 -0.05 -0.40  0.75  0.78  0.72  0.17  0.29  0.11 -0.18 -0.19 -0.45
 2008  6 -0.16  0.10 -0.26 -0.11  0.25 -0.33 -0.21 -0.22 -0.21 -0.30  0.04 -0.40  0.02  0.31 -0.24 -0.19 -0.46 -0.14 -0.00  0.22 -0.25 -1.05 -1.82 -0.69 -0.18 -0.26  0.75
 2008  7 -0.07  0.16 -0.16 -0.00  0.14 -0.10 -0.14  0.20 -0.22 -0.18  0.04 -0.25  0.12  0.19  0.05 -0.15  0.24 -0.22  0.08  0.01  0.17 -0.15 -0.31 -0.07  0.20  0.06 -0.13
 2008  8 -0.13  0.05 -0.21 -0.01  0.25 -0.18 -0.26 -0.40 -0.23 -0.21  0.16 -0.32  0.12  0.32 -0.05 -0.31 -0.96 -0.19  0.40  0.44  0.36 -0.69 -1.44 -0.33  0.08 -0.09 -1.39
 2008  9  0.04  0.13  0.00  0.02  0.06 -0.00  0.06  0.27  0.01  0.01  0.32 -0.08  0.04  0.02  0.05  0.07  0.14  0.06  0.33  0.23  0.44 -0.03 -0.37  0.14 -0.06 -0.08  0.53
 2008 10  0.01  0.33 -0.11  0.05  0.38 -0.16 -0.02  0.21 -0.07  0.05  0.35 -0.03  0.09  0.41 -0.21 -0.10  0.03 -0.12 -0.16  0.16 -0.54 -0.64 -1.09 -0.43  0.24 -0.13  0.87
 2008 11  0.06  0.30 -0.03  0.03  0.30 -0.14  0.10  0.32  0.06  0.06  0.44 -0.04  0.01  0.25 -0.20  0.12  0.25  0.09  0.04  0.06  0.01 -0.15 -0.21 -0.12  0.13 -0.11  0.50
 2008 12  0.01  0.01  0.01  0.06 -0.03  0.11 -0.04  0.10 -0.07 -0.10  0.18 -0.19  0.16 -0.10  0.40 -0.03  0.11 -0.05  0.43  0.03  0.89 -0.44 -0.54 -0.39 -0.17 -0.15  0.41
 2009  1  0.08  0.23  0.03  0.12  0.25  0.03  0.05  0.18  0.03 -0.17  0.13 -0.26  0.30  0.27  0.32  0.14  0.25  0.12  0.61  0.46  0.78 -0.11 -0.04 -0.14  0.29  0.14  0.68
 2009  2  0.10  0.39 -0.01  0.25  0.47  0.10 -0.05  0.21 -0.10 -0.04  0.28 -0.14  0.39  0.46  0.33 -0.04  0.34 -0.11  0.00 -0.33  0.38 -0.31  0.36 -0.63  0.19  0.12  0.39
 2009  3  0.02  0.21 -0.06  0.02  0.17 -0.07  0.02  0.31 -0.04 -0.20  0.15 -0.30  0.18  0.18  0.18  0.09  0.43  0.03 -0.15 -0.33  0.07  0.46  0.60  0.40  0.50  0.18  0.32
 2009  4 -0.01  0.13 -0.06  0.01  0.17 -0.09 -0.03  0.05 -0.05  0.01  0.17 -0.03  0.01  0.14 -0.11 -0.05  0.07 -0.07 -0.00  0.10 -0.12 -0.49 -0.42 -0.52 -0.29 -0.24 -0.15
 2009  5 -0.04  0.14 -0.11 -0.04  0.05 -0.10 -0.03  0.34 -0.11 -0.06  0.10 -0.11 -0.04  0.00 -0.08 -0.00  0.62 -0.12 -0.01 -0.25  0.28  0.60  1.66  0.10  0.45  0.54 -0.72
 2009  6 -0.14 -0.01 -0.19 -0.18 -0.15 -0.20 -0.09  0.32 -0.17  0.03  0.22 -0.02 -0.29 -0.25 -0.33 -0.15  0.41 -0.25 -0.09  0.14 -0.36  0.22  1.03 -0.16 -0.28 -0.24  0.25
 2009  7  0.24  0.27  0.23  0.03  0.01  0.04  0.46  0.86  0.38  0.38  0.49  0.35 -0.14 -0.13 -0.15  0.48  1.14  0.36 -0.06 -0.13  0.02  1.41  2.59  0.85 -0.80 -0.46  1.06
 2009  8  0.09  0.22  0.04  0.09  0.04  0.13  0.09  0.62 -0.02  0.35  0.51  0.30 -0.05 -0.09 -0.01 -0.04  0.73 -0.18 -0.15 -0.05 -0.28  0.18  0.38  0.09 -0.22 -0.22  1.84
 2009  9  0.29  0.58  0.18  0.35  0.59  0.20  0.23  0.55  0.17  0.51  0.78  0.44  0.26  0.56 -0.01  0.09  0.32  0.05  0.41  0.79 -0.03 -0.36  0.23 -0.64  0.44  0.39  0.80
 2009 10  0.18  0.15  0.19  0.19  0.11  0.24  0.17  0.24  0.16  0.33  0.49  0.29  0.09 -0.00  0.17  0.11  0.08  0.11  0.22  0.03  0.44 -0.13 -0.06 -0.16 -0.93 -0.34  0.00
 2009 11  0.28  0.46  0.21  0.20  0.31  0.14  0.35  0.81  0.26  0.43  0.56  0.39  0.11  0.26 -0.01  0.28  0.95  0.16 -0.12 -0.53  0.36  0.86  1.03  0.78  1.01  0.55  1.00
 2009 12  0.10  0.03  0.13  0.01 -0.13  0.11  0.19  0.42  0.14  0.43  0.44  0.43 -0.21 -0.31 -0.12  0.06  0.49 -0.02  1.04  0.43  1.73  0.05  0.23 -0.04 -1.66 -1.00  0.71
 2010  1  0.48  0.67  0.41  0.55  0.67  0.48  0.41  0.69  0.35  0.60  0.67  0.58  0.48  0.62  0.35  0.37  0.83  0.28  1.15  0.98  1.35  0.67  1.14  0.45 -0.45 -0.33  0.74
 2010  2  0.44  0.51  0.42  0.39  0.40  0.39  0.49  0.75  0.44  0.86  1.03  0.80  0.12  0.23  0.02  0.33  0.54  0.29  0.91  0.71  1.14  0.55  0.73  0.46 -2.04 -1.55 -0.01
 2010  3  0.50  0.71  0.42  0.56  0.73  0.45  0.45  0.68  0.40  0.78  0.85  0.75  0.43  0.68  0.20  0.29  0.60  0.24  0.45  0.25  0.67  0.28  0.37  0.24  0.06 -0.13  0.48
 2010  4  0.33  0.44  0.29  0.45  0.48  0.43  0.21  0.35  0.18  0.69  0.87  0.64  0.32  0.40  0.24 -0.03 -0.09 -0.02  1.24  1.11  1.39 -0.64 -1.04 -0.45  0.39  0.35  0.98
 2010  5  0.43  0.62  0.35  0.61  0.72  0.54  0.24  0.38  0.21  0.80  0.99  0.75  0.49  0.66  0.35 -0.04 -0.09 -0.03  1.47  1.48  1.46 -0.83 -0.69 -0.89 -0.30 -0.11  0.19
 2010  6  0.34  0.43  0.30  0.43  0.59  0.33  0.24  0.07  0.28  0.45  0.75  0.36  0.45  0.58  0.33  0.10 -0.55  0.22  0.26  0.12  0.43 -1.13 -2.09 -0.67  0.89  0.74  0.25
 2010  7  0.36  0.45  0.32  0.52  0.74  0.38  0.19 -0.22  0.27  0.32  0.53  0.25  0.66  0.85  0.49  0.09 -0.96  0.28  0.67  1.01  0.28 -1.48 -2.78 -0.86  0.81  0.64 -0.05
 2010  8  0.37  0.53  0.31  0.52  0.71  0.40  0.22  0.13  0.24  0.27  0.60  0.18  0.69  0.79  0.59  0.16 -0.40  0.26  0.82  0.73  0.93 -0.97 -1.85 -0.56  1.11  1.05  0.26
 2010  9  0.39  0.52  0.34  0.36  0.51  0.26  0.43  0.55  0.40  0.15  0.52  0.04  0.52  0.58  0.47  0.53  0.36  0.56  0.60  0.29  0.96  0.42  0.25  0.50  0.97  1.22 -0.13
 2010 10  0.22  0.43  0.13  0.20  0.50  0.01  0.23  0.25  0.22  0.03  0.48 -0.10  0.30  0.52  0.10  0.33  0.03  0.38  0.73  0.54  0.96  0.20  0.12  0.24  0.52  0.46 -0.47
 2010 11  0.17  0.47  0.05  0.26  0.78 -0.07  0.08 -0.24  0.15 -0.20  0.15 -0.30  0.51  0.93  0.13  0.23 -0.48  0.35  0.58  0.95  0.17 -0.35 -0.68 -0.20  0.03  0.33 -0.57
 2010 12  0.08  0.29 -0.01 -0.01  0.32 -0.21  0.16  0.23  0.15 -0.40  0.01 -0.52  0.20  0.40  0.03  0.45  0.41  0.46  0.77  0.73  0.82  0.08  0.23  0.01 -0.53 -0.67  0.35
 2011  1 -0.08 -0.08 -0.08 -0.23 -0.24 -0.22  0.06  0.26  0.02 -0.49 -0.09 -0.61 -0.09 -0.29  0.08  0.36  0.58  0.32  1.26  1.16  1.37 -0.10  0.47 -0.37 -0.91 -0.45  0.97
 2011  2 -0.07 -0.19 -0.03 -0.14 -0.21 -0.10 -0.00 -0.13  0.02 -0.42 -0.10 -0.51 -0.03 -0.30  0.20  0.25  0.02  0.29 -0.46 -1.08  0.26 -0.26 -0.04 -0.36 -0.14 -0.14 -0.08
 2011  3 -0.19 -0.06 -0.24 -0.23 -0.09 -0.32 -0.15 -0.00 -0.18 -0.44 -0.20 -0.52 -0.14 -0.08 -0.19  0.02  0.22 -0.01  0.50  0.33  0.70  0.23  0.26  0.22  0.10  0.16  0.06
 2011  4 -0.03  0.23 -0.13 -0.02  0.24 -0.19 -0.03  0.20 -0.08 -0.29  0.02 -0.38  0.10  0.29 -0.07  0.13  0.36  0.08  0.25  0.14  0.37  0.31  0.99 -0.01  0.28  0.15 -0.13
 2011  5  0.02  0.20 -0.05  0.01  0.26 -0.14  0.03  0.07  0.02 -0.08  0.32 -0.20  0.06  0.25 -0.11  0.10 -0.13  0.14  0.48  0.55  0.40 -0.11 -0.08 -0.12 -0.44 -0.23 -0.69
 2011  6  0.17  0.42  0.07  0.23  0.51  0.05  0.12  0.23  0.09  0.11  0.52 -0.01  0.28  0.51  0.07  0.13 -0.03  0.16  0.57  0.62  0.51  0.01 -0.39  0.19  0.21  0.18  0.28
 2011  7  0.23  0.56  0.10  0.28  0.51  0.13  0.19  0.68  0.08  0.10  0.43  0.01  0.40  0.55  0.26  0.21  0.83  0.10  0.43  0.58  0.25  1.16  1.90  0.81  1.29  1.00  0.31
 2011  8  0.19  0.48  0.08  0.18  0.36  0.07  0.20  0.77  0.08  0.12  0.34  0.05  0.25  0.39  0.13  0.21  1.00  0.07  0.37  0.30  0.45  1.20  2.23  0.71  1.03  0.70  0.63
 2011  9  0.20  0.50  0.08  0.20  0.45  0.04  0.19  0.61  0.11  0.10  0.32  0.03  0.28  0.51  0.08  0.22  0.77  0.13  0.56  0.49  0.65  0.76  0.82  0.74  0.10  0.05  0.25
 2011 10 -0.03  0.27 -0.15  0.05  0.36 -0.14 -0.11  0.05 -0.15 -0.14  0.15 -0.23  0.16  0.41 -0.07 -0.10  0.02 -0.12  0.11  0.15  0.07  0.12  0.32  0.02  0.09 -0.01 -0.37
 2011 11 -0.01  0.16 -0.08 -0.08 -0.03 -0.11  0.05  0.58 -0.06 -0.06  0.17 -0.13 -0.09 -0.10 -0.08  0.11  0.94 -0.04 -0.05 -0.34  0.29  0.56  1.63  0.05  0.11 -0.40  0.23
 2011 12 -0.00  0.12 -0.05 -0.03  0.18 -0.17  0.02 -0.01  0.03 -0.07  0.21 -0.16 -0.01  0.16 -0.16  0.07 -0.13  0.11 -0.41 -0.13 -0.74 -0.23 -0.27 -0.21  0.50  0.17 -0.32
 2012  1 -0.22 -0.31 -0.18 -0.28 -0.37 -0.22 -0.16 -0.16 -0.16 -0.23  0.10 -0.33 -0.31 -0.51 -0.12 -0.11 -0.30 -0.08  0.23 -0.17  0.68 -0.58 -0.79 -0.48  0.96  0.10 -0.28
 2012  2 -0.24 -0.23 -0.25 -0.19 -0.25 -0.15 -0.30 -0.18 -0.32 -0.34  0.03 -0.45 -0.09 -0.38  0.16 -0.29 -0.18 -0.30  1.04  0.85  1.26 -0.02 -0.06 -0.00  0.38  0.38 -0.74
 2012  3 -0.05  0.01 -0.07 -0.05  0.01 -0.08 -0.05  0.02 -0.06 -0.26 -0.07 -0.31  0.10  0.02  0.17  0.03  0.12  0.01 -0.18 -0.68  0.39  0.24  0.04  0.34  2.63  1.83  0.16
 2012  4  0.12  0.51 -0.04  0.18  0.71 -0.16  0.06  0.05  0.06 -0.28 -0.01 -0.36  0.48  0.93  0.08  0.17 -0.00  0.21  0.93  1.18  0.63 -0.03  0.17 -0.13  1.35  1.32  0.02
 2012  5  0.08  0.49 -0.08  0.30  0.70  0.04 -0.14  0.02 -0.18 -0.16  0.01 -0.21  0.54  0.88  0.24 -0.13  0.04 -0.16  0.86  1.11  0.57 -0.06  0.00 -0.09  1.12  0.73 -0.67
 2012  6  0.17  0.48  0.05  0.36  0.81  0.08 -0.03 -0.27  0.02 -0.15  0.07 -0.21  0.62  1.00  0.28  0.04 -0.54  0.14  1.53  1.88  1.13 -0.73 -1.34 -0.44  0.94  0.91  0.05
 2012  7  0.05  0.26 -0.03  0.24  0.58  0.03 -0.14 -0.45 -0.07  0.10  0.28  0.04  0.33  0.70  0.01 -0.28 -1.14 -0.13  0.42  0.75  0.03 -1.39 -2.45 -0.90  0.93  0.74 -0.58
 2012  8  0.11  0.27  0.05  0.10  0.27 -0.01  0.13  0.25  0.10  0.07  0.26  0.01  0.16  0.33  0.01  0.11  0.08  0.12 -0.04 -0.11  0.04 -0.16 -0.44 -0.02  0.41  0.41  0.07
 2012  9  0.25  0.44  0.17  0.22  0.47  0.06  0.28  0.39  0.26  0.15  0.27  0.11  0.30  0.57  0.05  0.31  0.32  0.31  0.56  0.85  0.22 -0.31 -0.87 -0.04  0.19  0.10  1.04
 2012 10  0.25  0.37  0.20  0.20  0.18  0.22  0.29  0.80  0.19  0.20  0.46  0.12  0.23  0.14  0.30  0.33  0.94  0.22  0.53  0.39  0.68  0.66  1.20  0.40 -0.22  0.04  0.73
 2012 11  0.18  0.51  0.05  0.17  0.38  0.04  0.19  0.80  0.06  0.27  0.44  0.22  0.12  0.35 -0.08  0.14  1.13 -0.03  0.75  0.39  1.15  0.88  1.65  0.52  0.06  0.12  0.81
 2012 12  0.12  0.06  0.14 -0.12 -0.25 -0.04  0.35  0.76  0.27  0.20  0.32  0.16 -0.29 -0.43 -0.16  0.43  1.18  0.30 -0.00 -0.24  0.26  1.45  2.11  1.14  0.17 -0.14  0.38
 2013  1  0.43  0.48  0.41  0.35  0.29  0.39  0.51  0.90  0.43  0.42  0.65  0.35  0.28  0.17  0.38  0.59  1.16  0.49  0.48  0.09  0.92  1.24  1.31  1.21  0.77  0.87  1.41
 2013  2  0.11  0.14  0.10  0.22  0.21  0.22 -0.00 -0.04  0.01  0.24  0.47  0.17  0.19  0.11  0.26 -0.11 -0.32 -0.08 -0.19 -0.29 -0.07 -0.15 -0.49  0.01 -0.79 -0.77 -0.68
 2013  3  0.09  0.22  0.04  0.17  0.31  0.07  0.01  0.03  0.01  0.22  0.52  0.14  0.12  0.23  0.01 -0.08 -0.28 -0.04 -0.41 -1.02  0.29 -0.50 -0.89 -0.31 -0.92 -0.85  0.89
 2013  4  0.05  0.01  0.07  0.04 -0.02  0.07  0.07  0.06  0.07  0.18  0.29  0.14 -0.03 -0.10  0.03  0.01 -0.12  0.03 -0.28 -0.36 -0.18 -0.18 -0.89  0.16 -0.38 -0.60  0.15
 2013  5  0.02  0.30 -0.09  0.12  0.41 -0.07 -0.08  0.06 -0.10  0.08  0.34 -0.00  0.15  0.44 -0.12 -0.17 -0.20 -0.16 -0.09  0.30 -0.52 -0.65 -0.88 -0.54 -0.02 -0.15  0.41
 2013  6  0.23  0.51  0.12  0.30  0.57  0.12  0.16  0.36  0.12  0.11  0.36  0.03  0.41  0.64  0.20  0.17  0.29  0.15  0.76  1.08  0.38 -0.54  0.12 -0.85  0.53  0.81  0.30
 2013  7  0.06  0.15  0.03  0.09  0.18  0.03  0.04  0.08  0.03 -0.06  0.13 -0.12  0.17  0.22  0.13  0.09 -0.05  0.11  0.30  0.29  0.31 -1.12 -1.27 -1.05  0.06  0.19  0.66
 2013  8  0.07  0.30 -0.02  0.06  0.21 -0.04  0.08  0.51 -0.01 -0.05  0.07 -0.08  0.15  0.29  0.02  0.11  0.69  0.01  0.17  0.44 -0.14  0.46  1.20  0.11  0.04  0.12  1.14
 2013  9  0.24  0.57  0.11  0.28  0.33  0.25  0.19  1.10  0.00  0.14  0.34  0.09  0.37  0.36  0.38  0.21  1.58 -0.04  0.24  0.18  0.30  1.18  3.01  0.32  0.98  0.84  1.21
 2013 10  0.19  0.49  0.08  0.33  0.47  0.23  0.06  0.55 -0.04 -0.02  0.16 -0.07  0.50  0.56  0.44  0.11  0.82 -0.01  0.38  0.55  0.19  0.32  1.02 -0.01 -0.30  0.20  1.19
 2013 11  0.05  0.36 -0.07  0.04  0.29 -0.13  0.06  0.50 -0.03 -0.03  0.13 -0.08  0.07  0.31 -0.15  0.11  0.84 -0.02 -0.47 -0.17 -0.83  0.05  1.33 -0.55 -0.08 -0.01  0.17
 2013 12  0.12  0.22  0.08  0.05  0.03  0.07  0.19  0.67  0.09 -0.01  0.10 -0.04  0.08  0.01  0.15  0.30  1.07  0.16  0.33  0.60  0.02  1.11  1.55  0.90 -0.52 -0.17  0.51
 2014  1  0.18  0.22  0.17  0.20  0.14  0.23  0.17  0.40  0.12 -0.12  0.04 -0.16  0.36  0.14  0.54  0.33  0.74  0.25  0.97  0.45  1.56  0.39  0.87  0.17 -0.47  0.18  0.95
 2014  2  0.11 -0.02  0.16  0.19  0.00  0.31  0.04 -0.06  0.06 -0.06  0.09 -0.10  0.30 -0.04  0.61  0.11 -0.11  0.15  1.29  0.75  1.90 -0.36 -0.40 -0.34 -0.57 -0.39  0.08
 2014  3  0.08  0.11  0.07  0.17  0.31  0.07 -0.01 -0.36  0.07 -0.03  0.07 -0.05  0.24  0.36  0.14  0.03 -0.62  0.14  0.67  0.60  0.76 -0.38 -0.95 -0.11 -0.33 -0.16 -0.14
 2014  4  0.11  0.21  0.07  0.23  0.33  0.17 -0.01 -0.06  0.00  0.10  0.11  0.09  0.27  0.39  0.16 -0.03 -0.19 -0.01  0.11  0.17  0.04 -0.30 -0.79 -0.07  0.17  0.28  0.77
 2014  5  0.26  0.47  0.18  0.29  0.41  0.22  0.24  0.61  0.16  0.19  0.25  0.17  0.38  0.48  0.28  0.24  0.79  0.14  0.56  0.82  0.27  0.68  1.35  0.36  0.08  0.36  0.43
 2014  6  0.28  0.28  0.28  0.26  0.26  0.26  0.30  0.32  0.29  0.48  0.70  0.41  0.14  0.17  0.12  0.20 -0.03  0.24  0.12  0.14  0.10 -0.98 -0.97 -0.98  0.02 -0.14  0.58
 2014  7  0.24  0.18  0.27  0.27  0.24  0.29  0.22  0.05  0.25  0.42  0.50  0.39  0.18  0.14  0.22  0.12 -0.21  0.18  0.29  0.42  0.14 -0.24 -1.10  0.17 -0.16 -0.15  0.74
 2014  8  0.09  0.17  0.06  0.15  0.20  0.12  0.03  0.09  0.02  0.01  0.09 -0.01  0.23  0.24  0.22  0.04  0.06  0.03  0.36  0.45  0.25  0.11 -0.19  0.26 -0.28 -0.26 -0.78
 2014  9  0.17  0.31  0.12  0.10  0.11  0.09  0.25  0.74  0.14  0.14  0.23  0.12  0.09  0.12  0.07  0.28  1.02  0.15 -0.34 -0.33 -0.36  0.58  1.31  0.24  0.53  0.61  0.45
 2014 10  0.26  0.42  0.19  0.30  0.31  0.28  0.21  0.66  0.12  0.17  0.34  0.12  0.37  0.33  0.40  0.23  0.84  0.12  0.12 -0.04  0.31  0.19  0.19  0.19  1.10  0.95  1.01
 2014 11  0.23  0.16  0.26  0.25  0.03  0.40  0.21  0.45  0.16  0.24  0.27  0.23  0.26 -0.03  0.52  0.19  0.57  0.13  0.96  0.61  1.36  0.34  0.91  0.06 -1.03 -0.37  0.86
 2014 12  0.21  0.31  0.17  0.24  0.39  0.15  0.18  0.12  0.19  0.24  0.26  0.24  0.24  0.40  0.10  0.14  0.08  0.15  0.25  0.45  0.01 -0.33 -0.45 -0.28  0.84  0.95  0.56
 2015  1  0.28  0.38  0.23  0.39  0.51  0.32  0.16  0.08  0.17  0.13  0.07  0.15  0.54  0.62  0.48  0.16  0.13  0.17  0.07  0.25 -0.14 -0.08 -0.14 -0.05  1.05  1.22  0.19
 2015  2  0.17  0.41  0.08  0.30  0.55  0.13  0.05  0.11  0.04 -0.06  0.24 -0.15  0.48  0.61  0.37  0.11  0.09  0.11  0.08  0.29 -0.16 -0.01  0.00 -0.02  0.35  0.66  0.24
 2015  3  0.16  0.37  0.08  0.26  0.46  0.13  0.07  0.15  0.05  0.05  0.08  0.04  0.38  0.58  0.20  0.07  0.15  0.05  0.15  0.23  0.06  0.05 -0.10  0.12  1.72  1.49  0.44
 2015  4  0.08  0.07  0.09  0.18  0.21  0.16 -0.01 -0.24  0.04  0.09  0.04  0.11  0.24  0.26  0.22 -0.08 -0.46 -0.01  0.44  0.17  0.76 -0.57 -1.00 -0.37  0.31  0.23 -0.50
 2015  5  0.28  0.36  0.25  0.36  0.47  0.29  0.21  0.12  0.22  0.27  0.31  0.26  0.39  0.50  0.30  0.18  0.02  0.21  0.51  0.77  0.21  0.14 -0.59  0.49 -0.12  0.36  0.04
 2015  6  0.33  0.44  0.29  0.41  0.51  0.34  0.25  0.28  0.25  0.46  0.59  0.42  0.40  0.50  0.31  0.13  0.01  0.15  0.40  0.59  0.18 -1.11 -1.31 -1.01  1.16  1.11  0.64
 2015  7  0.18  0.19  0.18  0.33  0.38  0.30  0.03 -0.25  0.09  0.47  0.69  0.41  0.25  0.30  0.21 -0.20 -0.95 -0.07  0.18  0.22  0.13 -1.36 -2.24 -0.95  0.16  0.10 -0.23
 2015  8  0.27  0.15  0.32  0.25  0.18  0.29  0.30  0.08  0.35  0.51  0.62  0.48  0.11  0.09  0.13  0.18 -0.40  0.29 -0.10 -0.05 -0.16 -0.61 -1.61 -0.13  0.09  0.02 -0.22
 2015  9  0.25  0.14  0.29  0.34  0.25  0.40  0.17 -0.09  0.22  0.55  0.68  0.51  0.25  0.17  0.31 -0.05 -0.79  0.08  0.22  0.11  0.34 -0.95 -1.97 -0.46  0.94  0.64 -0.35
 2015 10  0.43  0.62  0.35  0.64  0.64  0.64  0.21  0.59  0.13  0.53  0.67  0.49  0.69  0.64  0.74  0.05  0.50 -0.03  0.64  0.48  0.82 -0.08  0.41 -0.31  1.44  1.60  0.71
 Year Mo Globe  Land Ocean   NH   Land Ocean   SH   Land Ocean Trpcs  Land Ocean NoExt  Land Ocean SoExt  Land Ocean NoPol  Land Ocean SoPol  Land Ocean USA48 USA49  AUST
 
 Trend    0.11  0.20  0.08  0.14  0.21  0.09  0.09  0.17  0.07  0.10  0.21  0.07  0.16  0.21  0.12  0.08  0.14  0.07  0.23  0.19  0.27 -0.01 -0.01 -0.01  0.19  0.18  0.24
 
  NOTE:  Version 6.0 as of April 2015
  NOTE:  New Reference for annual cycle 1981-2010
  NOTE:  Version 5.6 as of Jun 2013
  NOTE:  3/13 More accurate grid weighting for USA48
  NOTE:  3/13 Alaska added in USA49, Australia added
 
  GL 90S-90N, NH 0-90N, SH 90S-0, TRPCS 20S-20N
  NoExt 20N-90N, SoExt 90S-20S, NoPol 60N-90N, SoPol 90S-60S
